# Z   A   T   M  SUBENT      AUTHOR     YEAR     N            Reaction               F          A      chi2    p-value Quality World     Exp     Dexp(%)    E-min     E-max   TALYS     tendl.2025endfb8.1  jeff4.0   jendl5.0  cendl3.2  eaf.2010  irdff2.0
  79 197  0  -1 O1375002 M.H.Thoma, E.H  1989     0 79-AU-197(T,X)79-AU-198,,SIG    0.00      0.00      0.00     3.974E-08     0.00     7.735E-02  9.11      3.94      7.12      0.00      0.00      0.00      0.00      0.00      0.00      0.00      0.00
  56 138  0  -1 P0029003 P.J.DALY,B.M.S  1968     0 56-BA-138(T,G)57-LA-141,,SIG    0.00      0.00      0.00      0.00         0.00     1.693E-02  1.99      6.90      12.6      0.00      0.00      0.00      0.00      0.00      0.00      0.00      0.00
  12  24  0  -1 E2031089 T.Murata, S.Ta  2007     0 12-MG-24(T,P)12-MG-26,PAR,SIG   0.00      0.00      0.00      0.00         0.00      1.86      10.3      1.95      3.40      0.00      0.00      0.00      0.00      0.00      0.00      0.00      0.00
  12  24  0  -1 E2031088 T.Murata, S.Ta  2007     0 12-MG-24(T,P)12-MG-26,PAR,SIG   0.00      0.00      0.00      0.00         0.00      2.62      10.1      1.95      3.40      0.00      0.00      0.00      0.00      0.00      0.00      0.00      0.00
  12  24  0  -1 E2031087 T.Murata, S.Ta  2007     0 12-MG-24(T,P)12-MG-26,PAR,SIG   0.00      0.00      0.00      0.00         0.00      4.31      10.0      1.65      3.40      0.00      0.00      0.00      0.00      0.00      0.00      0.00      0.00
  12  24  0  -1 E2031086 T.Murata, S.Ta  2007     0 12-MG-24(T,P)12-MG-26,PAR,SIG   0.00      0.00      0.00      0.00         0.00      3.22      10.1      1.65      3.40      0.00      0.00      0.00      0.00      0.00      0.00      0.00      0.00
  12  24  0  -1 E2031085 T.Murata, S.Ta  2007     0 12-MG-24(T,P)12-MG-26,PAR,SIG   0.00      0.00      0.00      0.00         0.00      2.91      10.1      1.65      3.40      0.00      0.00      0.00      0.00      0.00      0.00      0.00      0.00
   6  12  0  -1 D5151004 P.I.Vatset,L.Y  1961     0 6-C-12(T,N)7-N-14,,SIG          0.00      0.00      0.00      0.00         0.00      101.      4.96     6.520E-04 2.017E-03  0.00      0.00      0.00      0.00      0.00      0.00      0.00      0.00
   5  11  0  -1 A0270003 S.N.Abramovich  1985     0 5-B-11(T,2A)2-HE-6,,SIG         0.00      0.00      0.00      0.00         0.00      12.8      6.94      2.94      11.0      0.00      0.00      0.00      0.00      0.00      0.00      0.00      0.00
   5  10  0  -1 F0278010 H.D.Holmgren,L  1963     0 5-B-10(T,A)4-BE-9,PAR,SIG       0.00      0.00      0.00      0.00         0.00      12.0      5.00      1.95      1.95      0.00      0.00      0.00      0.00      0.00      0.00      0.00      0.00
   5  10  0  -1 F0278008 H.D.Holmgren,L  1963     0 5-B-10(T,P)5-B-12,PAR,SIG       0.00      0.00      0.00      0.00         0.00      6.40      5.00      1.95      1.95      0.00      0.00      0.00      0.00      0.00      0.00      0.00      0.00
   4   9  0  -1 F0243005 Kim Syn Nam,G.  1969     0 4-BE-9(T,A)3-LI-8,PAR,SIG       0.00      0.00      0.00      0.00         0.00      84.6      11.3     0.519      1.67      0.00      0.00      0.00      0.00      0.00      0.00      0.00      0.00
   4   9  0  -1 F0190005 L.Cohen,G.H.He  1970     0 4-BE-9(T,A)3-LI-8,PAR,SIG       0.00      0.00      0.00      0.00         0.00      50.1      9.98      2.10      2.10      0.00      0.00      0.00      0.00      0.00      0.00      0.00      0.00
   3   7  0  -1 T0035003 F.E.CECIL,R.F.  1983     0 3-LI-7(T,A)2-HE-6,PAR,SIG       0.00      0.00      0.00      0.00         0.00     9.460E-03  22.0      55.0      105.      0.00      0.00      0.00      0.00      0.00      0.00      0.00      0.00
   3   7  0  -1 F0033006 D.M.Ciric,R.V.  1976     0 3-LI-7(T,A)2-HE-6,,SIG          0.00      0.00      0.00      0.00         0.00     2.425E-03  25.7     7.570E-02 0.397      0.00      0.00      0.00      0.00      0.00      0.00      0.00      0.00
   3   7  0  -1 A0273007 S.N.Abramovich  1983     0 3-LI-7(T,A)2-HE-6,,SIG          0.00      0.00      0.00      0.00         0.00      6.19      36.1      2.86      10.1      0.00      0.00      0.00      0.00      0.00      0.00      0.00      0.00
   3   7  0  -1 A0273006 S.N.Abramovich  1983     0 3-LI-7(T,A)2-HE-6,,SIG          0.00      0.00      0.00      0.00         0.00      5.75      35.3      2.91      6.33      0.00      0.00      0.00      0.00      0.00      0.00      0.00      0.00
   2   3  0  -1 A1116007 B.KUHN,B.SCHLE  1963     0 2-HE-3(T,P)2-HE-5,,SIG,,,EXP    0.00      0.00      0.00      0.00         0.00      3.08      20.0     0.460      1.09      0.00      0.00      0.00      0.00      0.00      0.00      0.00      0.00
   2   3  0  -1 A1226004 D.B.SMITH,N.JA  1963     0 2-HE-3(T,X)2-HE-4,,SIG,,,EXP    0.00      0.00      0.00      0.00         0.00      53.3      8.00      1.90      1.90      0.00      0.00      0.00      0.00      0.00      0.00      0.00      0.00
   2   3  0  -1 A1116005 B.KUHN,B.SCHLE  1963     0 2-HE-3(T,D)2-HE-4,,SIG,,,EXP    0.00      0.00      0.00      0.00         0.00      17.2      4.99     0.460      1.09      0.00      0.00      0.00      0.00      0.00      0.00      0.00      0.00
   2   3  0  -1 A1116007 B.KUHN,B.SCHLE  1963     0 2-HE-3(T,P)2-HE-5,,SIG,,,EXP    0.00      0.00      0.00      0.00         0.00      3.08      20.0     0.460      1.09      0.00      0.00      0.00      0.00      0.00      0.00      0.00      0.00
   1   3  0  -1 C2221019 M.Drosg,M.M.St  2016     0 1-H-3(T,N)2-HE-5,,SIG           0.00      0.00      0.00      0.00         0.00      96.0      7.63      5.98      19.1      0.00      0.00      0.00      0.00      0.00      0.00      0.00      0.00
   1   3  0  -1 D0015004 N.Jarmie,R.C.A  1958     0 1-H-3(T,2N)2-HE-4,,SIG          0.00      0.00      0.00      0.00         0.00      106.      4.72      1.90      1.90      0.00      0.00      0.00      0.00      0.00      0.00      0.00      0.00
   1   3  0  -1 A0027002 A.M.Govorov,Li  1962     0 1-H-3(T,2N)2-HE-4,,SIG          0.00      0.00      0.00      0.00         0.00      52.9      7.69     6.060E-02  1.14      0.00      0.00      0.00      0.00      0.00      0.00      0.00      0.00
   1   3  0  -1 A0007002 V.I.Serov,S.N.  1977     0 1-H-3(T,2N)2-HE-4,,SIG          0.00      0.00      0.00      0.00         0.00      6.92      8.43     3.125E-02 0.155      0.00      0.00      0.00      0.00      0.00      0.00      0.00      0.00
   1   3  0  -1 C2221019 M.Drosg,M.M.St  2016     0 1-H-3(T,N)2-HE-5,,SIG           0.00      0.00      0.00      0.00         0.00      96.0      7.63      5.98      19.1      0.00      0.00      0.00      0.00      0.00      0.00      0.00      0.00
   1   2  0  -1 C2719003 C.P.Baker,M.G.  1943     0 1-H-2(T,N)2-HE-4,,SIG           0.00      0.00      0.00      0.00         0.00     1.750E+03  8.51     0.320     0.900      0.00      0.00      0.00      0.00      0.00      0.00      0.00      0.00
   1   2  0  -1 C2719002 C.P.Baker,M.G.  1943     0 1-H-2(T,N)2-HE-4,,SIG           0.00      0.00      0.00      0.00         0.00     1.350E+03  8.51     0.320     0.900      0.00      0.00      0.00      0.00      0.00      0.00      0.00      0.00
   1   2  0  -1 C03190031N.Jarmie,R.E.B  1984     0 1-H-2(T,N)2-HE-4,,SIG           0.00      0.00      0.00      0.00         0.00     1.343E+03  1.87     1.247E-02 0.117      0.00      0.00      0.00      0.00      0.00      0.00      0.00      0.00
   1   2  0  -1 C0022003 A.Hemmendinger  1955     0 1-H-2(T,N)2-HE-4,,SIG           0.00      0.00      0.00      0.00         0.00      280.      2.86      1.50      1.50      0.00      0.00      0.00      0.00      0.00      0.00      0.00      0.00
   1   2  0  -1 C0001005 H.V.Argo,R.F.T  1952     0 1-H-2(T,N)2-HE-4,,SIG           0.00      0.00      0.00      0.00         0.00      780.      10.0     0.377      1.20      0.00      0.00      0.00      0.00      0.00      0.00      0.00      0.00
   1   2  0  -1 C0001002 H.V.Argo,R.F.T  1952     0 1-H-2(T,N)2-HE-4,,SIG           0.00      0.00      0.00      0.00         0.00     3.390E+03  10.0     8.000E-02 0.404      0.00      0.00      0.00      0.00      0.00      0.00      0.00      0.00
   1   2  0  -1 C03190031N.Jarmie,R.E.B  1984     0 1-H-2(T,N)2-HE-4,,SIG           0.00      0.00      0.00      0.00         0.00     1.343E+03  1.87     1.247E-02 0.117      0.00      0.00      0.00      0.00      0.00      0.00      0.00      0.00
   1   2  0  -1 C0022003 A.Hemmendinger  1955     0 1-H-2(T,N)2-HE-4,,SIG           0.00      0.00      0.00      0.00         0.00      280.      2.86      1.50      1.50      0.00      0.00      0.00      0.00      0.00      0.00      0.00      0.00
   1   2  0  -1 C2719003 C.P.Baker,M.G.  1943     0 1-H-2(T,N)2-HE-4,,SIG           0.00      0.00      0.00      0.00         0.00     1.750E+03  8.51     0.320     0.900      0.00      0.00      0.00      0.00      0.00      0.00      0.00      0.00
   1   2  0  -1 C2719002 C.P.Baker,M.G.  1943     0 1-H-2(T,N)2-HE-4,,SIG           0.00      0.00      0.00      0.00         0.00     1.350E+03  8.51     0.320     0.900      0.00      0.00      0.00      0.00      0.00      0.00      0.00      0.00
   1   2  0  -1 C0001005 H.V.Argo,R.F.T  1952     0 1-H-2(T,N)2-HE-4,,SIG           0.00      0.00      0.00      0.00         0.00      780.      10.0     0.377      1.20      0.00      0.00      0.00      0.00      0.00      0.00      0.00      0.00
   1   2  0  -1 C0001002 H.V.Argo,R.F.T  1952     0 1-H-2(T,N)2-HE-4,,SIG           0.00      0.00      0.00      0.00         0.00     3.390E+03  10.0     8.000E-02 0.404      0.00      0.00      0.00      0.00      0.00      0.00      0.00      0.00
   1   3  0  -1 D0015004 N.Jarmie,R.C.A  1958     1 1-H-3(T,2N)2-HE-4,,SIG          1.00      1.00     1.232E-04 0.467     T1  106.      106.      4.72      1.90      1.90      0.00      0.00      1.00      0.00      0.00      0.00      0.00      0.00
   1   3  0  -1 A0007002 V.I.Serov,S.N.  1977     9 1-H-3(T,2N)2-HE-4,,SIG          1.11      1.02      3.02     0.333     T1  7.71      6.92      8.43     3.125E-02 0.155      0.00      0.00      1.11      0.00      0.00      0.00      0.00      0.00
   1   3  0  -1 A0027002 A.M.Govorov,Li  1962    31 1-H-3(T,2N)2-HE-4,,SIG          1.21     0.939      1.28     0.358     T1  52.4      52.9      7.69     6.060E-02  1.14      0.00      0.00      1.21      0.00      0.00      0.00      0.00      0.00
   4   9  0  -1 F0244002 A.K.Walter,P.I  1961    12 4-BE-9(T,N)5-B-11,,SIG          1.40      1.26      72.0     0.281     T1  379.      331.      6.45     0.576      1.98      0.00      1.40      0.00      0.00      0.00      0.00      0.00      0.00
   4   9  0  -1 F0244002 A.K.Walter,P.I  1961    12 4-BE-9(T,N)5-B-11,,SIG          1.40      1.26      72.0     0.115     T1  379.      331.      6.45     0.576      1.98      0.00      1.40      0.00      0.00      0.00      0.00      0.00      0.00
   2   3  0  -1 A1116006 B.KUHN,B.SCHLE  1963     4 2-HE-3(T,N+P)2-HE-4,,SIG,,,EXP  1.41      1.38      12.9     0.201     T1  32.7      22.9      11.9     0.460      1.09      0.00      0.00      1.41      0.00      0.00      0.00      0.00      0.00
  12   0  0  -1 E2464006 T.Nozaki, M.Fu  1975     5 12-MG-0(T,X)11-NA-24,,SIG       1.45      1.44      9.69     0.262     T1  24.7      16.7      15.0      9.73      18.9      0.00      1.45      0.00      0.00      0.00      0.00      0.00      0.00
   4   9  0  -1 F0525002 L.N.Generalov,  2001    37 4-BE-9(T,X)0-NN-1,,SIG          1.50     0.676     7.011E+04 0.150     T1  790.     1.178E+03 0.368      2.96      11.5      0.00      1.50      0.00      0.00      0.00      0.00      0.00      0.00
  22   0  0  -1 C0522009 H.I.WEST JR,R.  1993    16 22-TI-0(T,X)23-V-48,,SIG        1.59      1.12      139.     0.331     T1  26.9      22.9      4.66      1.67      17.7      0.00      1.59      0.00      0.00      0.00      0.00      0.00      0.00
   9  19  0  -1 D5149006 A.K.Val'ter,P.  1961     5 9-F-19(T,X)0-NN-1,,SIG          1.63      1.58      165.     0.246     T1  247.      171.      5.14      1.07      2.12      0.00      1.63      0.00      0.00      0.00      0.00      0.00      0.00
   2   3  0  -1 A1228002 L.G.Youn,G.M.O  1960    31 2-HE-3(T,N+P)2-HE-4,,SIG        1.68     0.605      0.00     0.216     T1  21.2      34.1      0.00     0.147     0.963      0.00      0.00      1.68      0.00      0.00      0.00      0.00      0.00
   3   6  0  -1 A1350004 A.K.Valter, P.  1961     8 3-LI-6(T,X)0-NN-1,,SIG          1.75      1.62      52.3     0.257     T1  174.      126.      10.5     0.358      2.12      0.00      1.75      0.00      0.00      0.00      0.00      0.00      0.00
   3   7  0  -1 F0998002 L.N.Generalov,  2009   237 3-LI-7(T,P)3-LI-9,,SIG          1.77     0.577      14.3     0.293     T1  16.2      27.9      11.3      4.98      11.3      0.00      1.77      0.00      0.00      0.00      0.00      0.00      0.00
   3   7  0  -1 F0998002 L.N.Generalov,  2009   237 3-LI-7(T,P)3-LI-9,,SIG          1.77     0.577      14.3     0.313     T2  16.2      27.9      11.3      4.98      11.3      0.00      1.77      0.00      0.00      0.00      0.00      0.00      0.00
  13  27  0  -1 E2464003 T.Nozaki, M.Fu  1975    12 13-AL-27(T,X)12-MG-28,,SIG      1.79      1.11      9.99     0.300     T1  3.64      2.82      15.0      5.86      22.6      0.00      1.79      0.00      0.00      0.00      0.00      0.00      0.00
  79 197  0  -1 O1375002 M.H.Thoma, E.H  1989    11 79-AU-197(T,X)79-AU-198,,SIG    1.85      1.54      146.     0.213     T1 0.221     7.735E-02  9.11      3.94      7.12      0.00      1.85      0.00      0.00      0.00      0.00      0.00      0.00
   3   6  0  -1 A0081004 B.JA.Guzhovski  1980    15 3-LI-6(T,2N)4-BE-7,,SIG         1.87     0.669      109.     0.373     T2  38.0      51.9      4.19      4.81      12.0      0.00      2.40      1.15      0.00      0.00      0.00      0.00      0.00
   6  12  0  -1 F1375009 K.Niedzwiedziu  1963    15 6-C-12(T,A)5-B-11,,SIG          1.91      1.62      599.     0.270     T1  29.5      22.3      4.95     0.425      1.14      0.00      1.91      0.00      0.00      0.00      0.00      0.00      0.00
   2   3  0  -1 A1228003 L.G.Youn,G.M.O  1960    23 2-HE-3(T,X)0-NN-1,,SIG          1.96     0.529      0.00     0.227     T2  9.95      20.2      0.00     0.148     0.967      0.00      0.00      1.96      0.00      0.00      0.00      0.00      0.00
   5  10  0  -1 A0167003 S.N.Abramovich  1985    36 5-B-10(T,P)5-B-12,,SIG          2.00     0.525      397.     0.259     T1  24.9      44.9      4.20      3.00      12.0      0.00      2.00      0.00      0.00      0.00      0.00      0.00      0.00
   5  10  0  -1 A0167003 S.N.Abramovich  1985    36 5-B-10(T,P)5-B-12,,SIG          2.00     0.525      397.     0.274     T2  24.9      44.9      4.20      3.00      12.0      0.00      2.00      0.00      0.00      0.00      0.00      0.00      0.00
   3   6  0  -1 A1437003 S.N.Abramovich  1986   336 3-LI-6(T,P)3-LI-8,,SIG          2.00      1.95      30.2     0.263     T1  64.2      33.9      19.0      2.15      10.2      0.00      2.00      0.00      0.00      0.00      0.00      0.00      0.00
   3   6  0  -1 A1437003 S.N.Abramovich  1986   336 3-LI-6(T,P)3-LI-8,,SIG          2.00      1.95      30.2     0.255     T2  64.2      33.9      19.0      2.15      10.2      0.00      2.00      0.00      0.00      0.00      0.00      0.00      0.00
   3   7  0  -1 A0273005 S.N.Abramovich  1983   293 3-LI-7(T,P)3-LI-9,,SIG          2.02     0.581      11.6     0.274     T1  12.1      21.4      19.6      3.44      10.1      0.00      2.02      0.00      0.00      0.00      0.00      0.00      0.00
   3   7  0  -1 A0273005 S.N.Abramovich  1983   293 3-LI-7(T,P)3-LI-9,,SIG          2.02     0.581      11.6     0.275     T2  12.1      21.4      19.6      3.44      10.1      0.00      2.02      0.00      0.00      0.00      0.00      0.00      0.00
   5  11  0  -1 F0778002 L.N.Generalov,  2006   107 5-B-11(T,P)5-B-13,,SIG          2.05     0.494     2.274E+03 0.191     T1  9.90      19.6      1.53      2.53      6.95      0.00      2.05      0.00      0.00      0.00      0.00      0.00      0.00
   5  11  0  -1 F0778002 L.N.Generalov,  2006   107 5-B-11(T,P)5-B-13,,SIG          2.05     0.494     2.274E+03 0.193     T2  9.90      19.6      1.53      2.53      6.95      0.00      2.05      0.00      0.00      0.00      0.00      0.00      0.00
   5  11  0  -1 F0778003 L.N.Generalov,  2006   134 5-B-11(T,P)5-B-13,,SIG          2.07     0.484     1.417E+03 0.253     T1  9.07      18.7      1.40      3.01      4.24      0.00      2.07      0.00      0.00      0.00      0.00      0.00      0.00
   5  11  0  -1 F0778003 L.N.Generalov,  2006   134 5-B-11(T,P)5-B-13,,SIG          2.07     0.484     1.417E+03 0.251     T2  9.07      18.7      1.40      3.01      4.24      0.00      2.07      0.00      0.00      0.00      0.00      0.00      0.00
   3   7  0  -1 A0273004 S.N.Abramovich  1983   130 3-LI-7(T,P)3-LI-9,,SIG          2.17     0.530      10.9     0.272     T1  9.55      20.3      20.5      3.56      6.33      0.00      2.17      0.00      0.00      0.00      0.00      0.00      0.00
   3   7  0  -1 A0273004 S.N.Abramovich  1983   130 3-LI-7(T,P)3-LI-9,,SIG          2.17     0.530      10.9     0.277     T2  9.55      20.3      20.5      3.56      6.33      0.00      2.17      0.00      0.00      0.00      0.00      0.00      0.00
   3   7  0  -1 A0273002 S.N.Abramovich  1983   114 3-LI-7(T,X)3-LI-8,,SIG          2.20     0.555      8.70     0.254     T1  28.1      52.3      20.9      6.27      10.1      0.00      2.20      0.00      0.00      0.00      0.00      0.00      0.00
   3   7  0  -1 A0273003 S.N.Abramovich  1983   115 3-LI-7(T,X)3-LI-8,,SIG          2.22     0.543      9.19     0.267     T1  27.8      51.1      20.9      6.23      10.1      0.00      2.22      0.00      0.00      0.00      0.00      0.00      0.00
   3   6  0  -1 A0081004 B.JA.Guzhovski  1980    15 3-LI-6(T,2N)4-BE-7,,SIG         2.40     0.421      204.     0.249     T1  22.6      51.9      4.19      4.81      12.0      0.00      2.40      0.00      0.00      0.00      0.00      0.00      0.00
   5  10  0  -1 F0278009 H.D.Holmgren,L  1963     2 5-B-10(T,D)5-B-11,PAR,SIG       2.59      2.38     1.345E+03 0.119     T1  56.3      25.5      5.00      1.95      1.95      0.00      2.59      0.00      0.00      0.00      0.00      0.00      0.00
  95 243  0  -1 F0378012 M.F.Andreev,V.  1998     5 95-AM-243(T,F),,SIG             2.72     0.429      16.1     0.201     T2  117.      214.      13.3      11.0      12.9      0.00      2.72      0.00      0.00      0.00      0.00      0.00      0.00
   3   6  0  -1 F0237003 G.B.Yankov,O.V  1997     3 3-LI-6(T,X)0-NN-1,,SIG          2.76     0.431      7.79     0.172     T2  271.      577.      19.9      3.00      11.4      0.00      1.58      5.12      0.00      0.00      0.00      0.00      0.00
  22  48  0  -1 C0522010 H.I.WEST JR,R.  1993    10 22-TI-48(T,A)21-SC-47,,SIG      2.88     0.360      343.     0.243     T2  6.92      17.6      3.83      1.67      9.50      0.00      2.88      0.00      0.00      0.00      0.00      0.00      0.00
  22  48  0  -1 C0522010 H.I.WEST JR,R.  1993    10 22-TI-48(T,A)21-SC-47,,SIG      2.88     0.360      343.     0.244     T2  6.92      17.6      3.83      1.67      9.50      0.00      2.88      0.00      0.00      0.00      0.00      0.00      0.00
  90 232  0  -1 F0378002 M.F.Andreev,V.  1998    27 90-TH-232(T,F),,SIG             3.17     0.376      17.7     0.167     T2  88.1      157.      14.0      8.64      13.4      0.00      3.17      0.00      0.00      0.00      0.00      0.00      0.00
  22  48  0  -1 C0522011 H.I.WEST JR,R.  1993    13 22-TI-48(T,A)21-SC-47,,SIG      3.19     0.320      468.     0.255     T2  10.5      30.0      3.13      2.60      17.8      0.00      3.19      0.00      0.00      0.00      0.00      0.00      0.00
  22  48  0  -1 C0522011 H.I.WEST JR,R.  1993    13 22-TI-48(T,A)21-SC-47,,SIG      3.19     0.320      468.     0.257     T2  10.5      30.0      3.13      2.60      17.8      0.00      3.19      0.00      0.00      0.00      0.00      0.00      0.00
   6  12  0  -1 F1342007 B.Kuhn,V.I.Sal  1962    15 6-C-12(T,P)6-C-14,,SIG          3.34      3.15     8.076E+03 8.574E-02 T3  12.3      4.45      3.24     0.372      1.16      0.00      3.34      0.00      0.00      0.00      0.00      0.00      0.00
   6  12  0  -1 F1342007 B.Kuhn,V.I.Sal  1962    15 6-C-12(T,P)6-C-14,,SIG          3.34      3.15     8.076E+03 9.132E-02 T3  12.3      4.45      3.24     0.372      1.16      0.00      3.34      0.00      0.00      0.00      0.00      0.00      0.00
   8  16  0  -1 C1851002 N.Jarmie        1955     8 8-O-16(T,N)9-F-18,,SIG          3.35      3.12     1.012E+03 0.104     T3  84.8      37.4      19.5     0.683      2.14      0.00      3.35      0.00      0.00      0.00      0.00      0.00      0.00
   8  16  0  -1 C1851002 N.Jarmie        1955     8 8-O-16(T,N)9-F-18,,SIG          3.35      3.12     1.012E+03 0.109     T3  84.8      37.4      19.5     0.683      2.14      0.00      3.35      0.00      0.00      0.00      0.00      0.00      0.00
   1   3  0  -1 C2221020 M.Drosg,M.M.St  2016     5 1-H-3(T,X)0-NN-1,,SIG           3.41     0.347      120.     0.198     T3  144.      414.      5.99      5.98      19.1      0.00      0.00      3.41      0.00      0.00      0.00      0.00      0.00
  92 238  0  -1 F0378008 M.F.Andreev,V.  1998    28 92-U-238(T,F),,SIG              3.61     0.332      21.1     0.158     T2  121.      233.      13.8      8.64      13.4      0.00      3.61      0.00      0.00      0.00      0.00      0.00      0.00
   3   6  0  -1 F0039003 B.Ja.Guzhovski  1984    27 3-LI-6(T,X)0-NN-1,,SIG          4.18     0.359      80.0     0.205     T3  236.      465.      6.72      3.83      11.4      0.00      1.24      7.76      0.00      0.00      0.00      0.00      0.00
   3   7  0  -1 F0039005 B.Ja.Guzhovski  1984    81 3-LI-7(T,X)0-NN-1,,SIG          4.64     0.321      118.     0.160     T3  426.      869.      5.81      3.01      12.1      0.00      1.27      8.64      0.00      0.00      0.00      0.00      0.00
  93 237  0  -1 F0378010 M.F.Andreev,V.  1998    27 93-NP-237(T,F),,SIG             4.75     0.263      25.7     0.100     T2  116.      231.      13.7      8.64      13.4      0.00      4.75      0.00      0.00      0.00      0.00      0.00      0.00
   3   7  0  -1 F0237006 G.B.Yankov,O.V  1997     3 3-LI-7(T,X)0-NN-1,,SIG          4.97     0.260      13.3     0.131     T2  408.     1.187E+03  19.5      2.90      11.1      0.00      1.94      8.75      0.00      0.00      0.00      0.00      0.00
  92 235  0  -1 F0378006 M.F.Andreev,V.  1998     8 92-U-235(T,F),,SIG              5.88     0.185      43.0     0.158     T3  65.8      236.      12.1      9.84      13.3      0.00      5.88      0.00      0.00      0.00      0.00      0.00      0.00
   5  10  0  -1 A0270004 S.N.Abramovich  1985     7 5-B-10(T,P+A)3-LI-8,,SIG        6.27     0.210      21.8     0.130     T2 0.672      1.80      205.      4.97      11.0      0.00      6.27      0.00      0.00      0.00      0.00      0.00      0.00
  92 233  0  -1 F0378004 M.F.Andreev,V.  1998    36 92-U-233(T,F),,SIG              6.38     0.191      34.1     8.474E-02 T3  100.      236.      13.3      8.64      13.4      0.00      6.38      0.00      0.00      0.00      0.00      0.00      0.00
  12   0  0  -1 E2464002 T.Nozaki, M.Fu  1975     7 12-MG-0(T,X)12-MG-28,,SIG       7.86     0.137      31.6     6.603E-02 T2 0.815      4.85      15.0      2.56      18.8      0.00      7.86      0.00      0.00      0.00      0.00      0.00      0.00
  56 138  0  -1 P0029003 P.J.DALY,B.M.S  1968    11 56-BA-138(T,G)57-LA-141,,SIG    9.52     0.115      24.4     0.146     T2 2.119E-03 1.693E-02  1.99      6.90      12.6      0.00      9.52      0.00      0.00      0.00      0.00      0.00      0.00
   8  16  0  -1 O2107002 K.Lorenzen, D.  1961    11 8-O-16(T,N)9-F-18,,SIG          10.1     0.487      0.00     0.266     T2  84.6      58.1      0.00     0.300      2.26      0.00      10.1      0.00      0.00      0.00      0.00      0.00      0.00
   8  16  0  -1 O2107002 K.Lorenzen, D.  1961    11 8-O-16(T,N)9-F-18,,SIG          10.1     0.487      0.00     0.258     T2  84.6      58.1      0.00     0.300      2.26      0.00      10.1      0.00      0.00      0.00      0.00      0.00      0.00
   3   7  0  -1 A1350005 A.K.Valter, P.  1961    10 3-LI-7(T,X)0-NN-1,,SIG          11.5     0.148      162.     0.276     T3  249.      721.      5.71     0.358      2.12      0.00      1.57      30.7      0.00      0.00      0.00      0.00      0.00
  13  27  0  -1 E2464007 T.Nozaki, M.Fu  1975     7 13-AL-27(T,X)11-NA-24,,SIG      12.2     0.127      27.2     0.119     T2  1.71      3.84      15.0      15.5      22.7      0.00      12.2      0.00      0.00      0.00      0.00      0.00      0.00
   3   7  0  -1 A0273003 S.N.Abramovich  1983    27 3-LI-7(T,X)3-LI-8,,SIG          207.     5.411E-03  26.9     1.762E-08 T2 0.583      51.1      20.9      6.23      10.1      0.00      207.      0.00      0.00      0.00      0.00      0.00      0.00
   3   7  0  -1 A0273002 S.N.Abramovich  1983    27 3-LI-7(T,X)3-LI-8,,SIG          208.     5.361E-03  27.2     1.778E-08 T2 0.583      52.3      20.9      6.27      10.1      0.00      208.      0.00      0.00      0.00      0.00      0.00      0.00
   8  16  0  -1 C1752006 R.Sher,J.J.Flo  1956     1 8-O-16(T,N)9-F-18,,SIG          514.      514.     1.644E+06  0.00     T3  257.     0.500      40.0      2.70      2.70      0.00      514.      0.00      0.00      0.00      0.00      0.00      0.00
