# Z   A   T   M  SUBENT      AUTHOR     YEAR     N            Reaction               F          A      chi2    p-value Quality World     Exp     Dexp(%)    E-min     E-max   TALYS     tendl.2025endfb8.1  jeff4.0   jendl5.0  cendl3.2  eaf.2010  irdff2.0
  28   0  0  -1 D4282040 A.Hermanne, S.  2013    15 28-NI-0(D,X)27-CO-58,,SIG       1.08      1.02     0.906     0.349     T1  152.      146.      11.1      18.7      48.3      0.00      1.08      0.00      0.00      0.00      0.00      0.00      0.00
  28   0  0  -1 D4282017 A.Hermanne, S.  2013    20 28-NI-0(D,X)27-CO-58,,SIG       1.11      1.04      1.44     0.382     T1  149.      139.      10.9      17.9      49.6      0.00      1.11      0.00      0.00      0.00      0.00      0.00      0.00
  28   0  0  -1 D4282050 A.Hermanne, S.  2013    16 28-NI-0(D,X)27-CO-58,,SIG       1.15      1.09      2.56     0.365     T1  154.      137.      11.0      17.7      49.5      0.00      1.15      0.00      0.00      0.00      0.00      0.00      0.00
  28   0  0  -1 D4282039 A.Hermanne, S.  2013    15 28-NI-0(D,X)27-CO-57,CUM,SIG    1.20      1.00      3.18     0.316     T1  360.      385.      11.2      18.7      48.3      0.00      1.20      0.00      0.00      0.00      0.00      0.00      0.00
  28   0  0  -1 D4282029 A.Hermanne, S.  2013    17 28-NI-0(D,X)27-CO-58,,SIG       1.22      1.11      4.96     0.344     T1  151.      127.      11.4      5.30      49.8      0.00      1.22      0.00      0.00      0.00      0.00      0.00      0.00
  28   0  0  -1 D4282049 A.Hermanne, S.  2013    16 28-NI-0(D,X)27-CO-57,CUM,SIG    1.24     0.981      4.31     0.302     T1  354.      389.      11.3      17.7      49.5      0.00      1.24      0.00      0.00      0.00      0.00      0.00      0.00
  28   0  0  -1 D4282016 A.Hermanne, S.  2013    20 28-NI-0(D,X)27-CO-57,CUM,SIG    1.29      1.11      10.9     0.377     T1  357.      350.      11.0      17.9      49.6      0.00      1.29      0.00      0.00      0.00      0.00      0.00      0.00
  28   0  0  -1 D4282028 A.Hermanne, S.  2013    16 28-NI-0(D,X)27-CO-57,CUM,SIG    1.30      1.18      8.95     0.229     T1  327.      273.      11.9      5.30      49.8      0.00      1.30      0.00      0.00      0.00      0.00      0.00      0.00
  28   0  0  -1 D4282036 A.Hermanne, S.  2013    15 28-NI-0(D,X)28-NI-57,,SIG       1.32      1.27      8.65     0.392     T1  63.9      51.1      11.9      18.7      48.3      0.00      1.32      0.00      0.00      0.00      0.00      0.00      0.00
  28   0  0  -1 D4282011 A.Hermanne, S.  2013    13 28-NI-0(D,X)25-MN-56,,SIG       1.33     0.896     0.812     0.402     T1 0.427     0.570      41.4      32.3      49.6      0.00      1.33      0.00      0.00      0.00      0.00      0.00      0.00
  28   0  0  -1 D4282013 A.Hermanne, S.  2013    20 28-NI-0(D,X)28-NI-57,,SIG       1.41      1.33      18.5     0.415     T1  66.0      50.7      11.1      17.9      49.6      0.00      1.41      0.00      0.00      0.00      0.00      0.00      0.00
  28   0  0  -1 D4282004 A.Hermanne, S.  2013     8 28-NI-0(D,X)27-CO-57,CUM,SIG    1.43      1.17      9.86     0.301     T1  53.7      32.8      11.5      3.00      19.9      0.00      1.43      0.00      0.00      0.00      0.00      0.00      0.00
  28   0  0  -1 D4282037 A.Hermanne, S.  2013    15 28-NI-0(D,X)27-CO-55,,SIG       1.43      1.34      17.4     0.391     T1  18.3      13.3      11.1      18.7      48.3      0.00      1.43      0.00      0.00      0.00      0.00      0.00      0.00
  28   0  0  -1 D4282038 A.Hermanne, S.  2013    15 28-NI-0(D,X)27-CO-56,,SIG       1.49      1.37      22.8     0.372     T1  77.3      56.0      11.6      18.7      48.3      0.00      1.49      0.00      0.00      0.00      0.00      0.00      0.00
  28   0  0  -1 D4282014 A.Hermanne, S.  2013    20 28-NI-0(D,X)27-CO-55,,SIG       1.54      1.45      30.5     0.382     T1  17.7      11.8      11.1      17.9      49.6      0.00      1.54      0.00      0.00      0.00      0.00      0.00      0.00
  28   0  0  -1 D4282018 A.Hermanne, S.  2013    20 28-NI-0(D,X)27-CO-60,,SIG       1.56      1.06      25.8     0.301     T1  13.2      13.7      11.5      17.9      49.6      0.00      1.56      0.00      0.00      0.00      0.00      0.00      0.00
  28   0  0  -1 D4282015 A.Hermanne, S.  2013    20 28-NI-0(D,X)27-CO-56,,SIG       1.56      1.44      31.5     0.419     T1  87.8      61.9      11.4      17.9      49.6      0.00      1.56      0.00      0.00      0.00      0.00      0.00      0.00
  28   0  0  -1 D4282048 A.Hermanne, S.  2013    16 28-NI-0(D,X)27-CO-56,,SIG       1.58      1.48      33.4     0.347     T1  79.7      54.9      11.9      17.7      49.5      0.00      1.58      0.00      0.00      0.00      0.00      0.00      0.00
  28   0  0  -1 D4282027 A.Hermanne, S.  2013    17 28-NI-0(D,X)27-CO-56,,SIG       1.59      1.49      38.9     0.362     T1  81.3      56.1      11.1      5.30      49.8      0.00      1.59      0.00      0.00      0.00      0.00      0.00      0.00
  28   0  0  -1 D4282008 A.Hermanne, S.  2013    14 28-NI-0(D,X)24-CR-51,CUM,SIG    1.63     0.691      12.3     0.355     T1  5.03      7.55      11.8      28.8      49.6      0.00      1.63      0.00      0.00      0.00      0.00      0.00      0.00
  28   0  0  -1 D4282043 A.Hermanne, S.  2013    10 28-NI-0(D,X)24-CR-51,CUM,SIG    1.64     0.723      16.5     0.334     T1  5.02      7.81      10.7      31.6      49.5      0.00      1.64      0.00      0.00      0.00      0.00      0.00      0.00
  28   0  0  -1 D4282034 A.Hermanne, S.  2013    15 28-NI-0(D,X)25-MN-54,,SIG       1.65      1.07      16.9     0.364     T1  25.5      19.3      11.7      18.7      48.3      0.00      1.65      0.00      0.00      0.00      0.00      0.00      0.00
  28   0  0  -1 D4282003 A.Hermanne, S.  2013    10 28-NI-0(D,X)27-CO-56,,SIG       1.66      1.05      13.2     0.359     T1  25.6      18.9      11.4      3.00      19.9      0.00      1.66      0.00      0.00      0.00      0.00      0.00      0.00
  28   0  0  -1 D4282026 A.Hermanne, S.  2013    16 28-NI-0(D,X)27-CO-55,,SIG       1.67      1.62      40.2     0.272     T1  16.9      10.4      11.1      11.9      49.8      0.00      1.67      0.00      0.00      0.00      0.00      0.00      0.00
  28   0  0  -1 D4282020 A.Hermanne, S.  2013     9 28-NI-0(D,X)24-CR-51,CUM,SIG    1.70     0.621      12.7     0.343     T1  5.47      8.19      13.0      29.2      49.8      0.00      1.70      0.00      0.00      0.00      0.00      0.00      0.00
  28   0  0  -1 D4282052 A.Hermanne, S.  2013    15 28-NI-0(D,X)29-CU-61,,SIG       1.72     0.640      18.1     0.317     T1  16.4      20.9      10.4      7.80      37.4      0.00      1.72      0.00      0.00      0.00      0.00      0.00      0.00
  28   0  0  -1 D4282041 A.Hermanne, S.  2013    15 28-NI-0(D,X)27-CO-60,,SIG       1.75      1.39      199.     0.360     T1  13.5      10.2      11.5      18.7      48.3      0.00      1.75      0.00      0.00      0.00      0.00      0.00      0.00
  28   0  0  -1 D4282045 A.Hermanne, S.  2013    15 28-NI-0(D,X)25-MN-54,,SIG       1.90      1.16      25.7     0.347     T1  26.4      19.0      12.1      20.5      49.5      0.00      1.90      0.00      0.00      0.00      0.00      0.00      0.00
  28   0  0  -1 D4282022 A.Hermanne, S.  2013    15 28-NI-0(D,X)25-MN-54,,SIG       1.91     0.971      23.0     0.328     T1  25.2      19.3      11.0      16.5      49.8      0.00      1.91      0.00      0.00      0.00      0.00      0.00      0.00
  28   0  0  -1 D4282032 A.Hermanne, S.  2013    10 28-NI-0(D,X)24-CR-51,CUM,SIG    1.93     0.523      18.9     0.125     T1  4.81      8.73      11.1      28.3      48.3      0.00      1.93      0.00      0.00      0.00      0.00      0.00      0.00
  28   0  0  -1 D4282024 A.Hermanne, S.  2013     5 28-NI-0(D,X)28-NI-56,,SIG       1.95      1.93      61.8     0.449     T1  5.41      2.84      12.2      42.6      49.8      0.00      1.95      0.00      0.00      0.00      0.00      0.00      0.00
  28   0  0  -1 D4282002 A.Hermanne, S.  2013     7 28-NI-0(D,X)27-CO-55,,SIG       1.95      1.68      71.8     0.324     T1  19.3      10.4      12.0      10.9      19.9      0.00      1.95      0.00      0.00      0.00      0.00      0.00      0.00
  28   0  0  -1 D4282023 A.Hermanne, S.  2013    11 28-NI-0(D,X)25-MN-56,,SIG       2.01     0.631      1.24     0.260     T1 0.385     0.664      45.1      29.2      49.8      0.00      2.01      0.00      0.00      0.00      0.00      0.00      0.00
  28   0  0  -1 D4282010 A.Hermanne, S.  2013    20 28-NI-0(D,X)25-MN-54,,SIG       2.15      1.42      158.     0.363     T1  26.2      18.4      11.4      17.9      49.6      0.00      2.15      0.00      0.00      0.00      0.00      0.00      0.00
  28   0  0  -1 D4282019 A.Hermanne, S.  2013    20 28-NI-0(D,X)29-CU-61,,SIG       2.17     0.465      23.3     0.400     T1  5.88      12.4      11.1      17.9      49.6      0.00      2.17      0.00      0.00      0.00      0.00      0.00      0.00
  28   0  0  -1 D4282007 A.Hermanne, S.  2013    10 28-NI-0(D,X)29-CU-61,,SIG       2.17     0.547      19.4     0.271     T1  25.0      33.9      11.0      3.00      19.9      0.00      2.17      0.00      0.00      0.00      0.00      0.00      0.00
  28   0  0  -1 D4282047 A.Hermanne, S.  2013    19 28-NI-0(D,X)28-NI-57,,SIG       2.19      1.07      31.7     0.276     T1  53.5      37.2      11.7      12.0      49.5      0.00      2.19      0.00      0.00      0.00      0.00      0.00      0.00
  28   0  0  -1 D4282051 A.Hermanne, S.  2013    16 28-NI-0(D,X)27-CO-60,,SIG       2.19      2.12      105.     0.218     T1  13.3      6.41      12.0      17.7      49.5      0.00      2.19      0.00      0.00      0.00      0.00      0.00      0.00
  28   0  0  -1 D4282005 A.Hermanne, S.  2013    10 28-NI-0(D,X)27-CO-58,,SIG       2.21      1.05      19.1     0.316     T1  214.      156.      10.8      3.00      19.9      0.00      2.21      0.00      0.00      0.00      0.00      0.00      0.00
  28   0  0  -1 D4282025 A.Hermanne, S.  2013    16 28-NI-0(D,X)28-NI-57,,SIG       2.34      1.05      18.6     0.328     T1  60.4      41.4      12.5      5.30      49.8      0.00      2.34      0.00      0.00      0.00      0.00      0.00      0.00
  28   0  0  -1 D4282031 A.Hermanne, S.  2013    17 28-NI-0(D,X)29-CU-61,,SIG       2.40     0.457      29.2     0.275     T1  10.6      17.0      11.4      5.30      49.8      0.00      2.40      0.00      0.00      0.00      0.00      0.00      0.00
  28   0  0  -1 D4282030 A.Hermanne, S.  2013    15 28-NI-0(D,X)27-CO-60,,SIG       2.41      2.27      130.     0.223     T1  13.0      6.09      13.4      16.5      49.8      0.00      2.41      0.00      0.00      0.00      0.00      0.00      0.00
  28   0  0  -1 D4282012 A.Hermanne, S.  2013    16 28-NI-0(D,X)28-NI-56,,SIG       2.51      2.44      204.     0.323     T1  3.17      1.40      11.0      26.9      49.6      0.00      2.51      0.00      0.00      0.00      0.00      0.00      0.00
  28   0  0  -1 D4282042 A.Hermanne, S.  2013    15 28-NI-0(D,X)29-CU-61,,SIG       2.71     0.379      30.8     0.191     T2  6.17      16.4      11.3      18.7      48.3      0.00      2.71      0.00      0.00      0.00      0.00      0.00      0.00
  28   0  0  -1 D4282046 A.Hermanne, S.  2013     8 28-NI-0(D,X)28-NI-56,,SIG       2.95      2.68      251.     0.348     T2  4.22      1.93      12.9      35.3      49.5      0.00      2.95      0.00      0.00      0.00      0.00      0.00      0.00
  28   0  0  -1 D4282035 A.Hermanne, S.  2013    12 28-NI-0(D,X)28-NI-56,,SIG       2.95      1.74      134.     0.351     T2  2.69      6.33      12.8      26.1      48.3      0.00      2.95      0.00      0.00      0.00      0.00      0.00      0.00
  28   0  0  -1 D4282006 A.Hermanne, S.  2013     7 28-NI-0(D,X)28-NI-57,,SIG       4.15     0.410      14.6     0.229     T2  2.37      2.63      15.8      10.9      19.9      0.00      4.15      0.00      0.00      0.00      0.00      0.00      0.00
 Average F:  1.84    
