# Z   A   T   M  SUBENT      AUTHOR     YEAR     N            Reaction               F          A      chi2    p-value Quality World     Exp     Dexp(%)    E-min     E-max   TALYS     tendl.2025endfb8.1  jeff4.0   jendl5.0  cendl3.2  eaf.2010  irdff2.0
   6  12  0  -1 D0185003 A.Ingemarsson,  2001     3 6-C-12(HE3,NON),,SIG            1.07     0.944      2.19     3.701E-02 T1  673.      722.      4.86      96.4      167.      0.00      1.07      0.00      0.00      0.00      0.00      0.00      0.00
  20  40  0  -1 D0185006 A.Ingemarsson,  2001     3 20-CA-40(HE3,NON),,SIG          1.09     0.916      2.27     3.080E-02 T1 1.163E+03 1.288E+03  6.46      96.4      167.      0.00      1.09      0.00      0.00      0.00      0.00      0.00      0.00
  82 208  0  -1 D0185014 A.Ingemarsson,  2001     3 82-PB-208(HE3,NON),,SIG         1.14     0.874      3.06     2.696E-02 T1 2.423E+03 2.812E+03  8.07      96.4      167.      0.00      1.14      0.00      0.00      0.00      0.00      0.00      0.00
  50 112  0  -1 D0185009 A.Ingemarsson,  2001     3 50-SN-112(HE3,NON),,SIG         1.14     0.876      4.60     5.161E-04 T1 1.821E+03 2.095E+03  6.52      96.4      167.      0.00      1.14      0.00      0.00      0.00      0.00      0.00      0.00
  50 124  0  -1 D0185013 A.Ingemarsson,  2001     3 50-SN-124(HE3,NON),,SIG         1.15     0.876      4.88     1.578E-02 T1 1.948E+03 2.238E+03  6.09      96.4      167.      0.00      1.15      0.00      0.00      0.00      0.00      0.00      0.00
  50 120  0  -1 D0185012 A.Ingemarsson,  2001     3 50-SN-120(HE3,NON),,SIG         1.15     0.873      6.20     2.833E-02 T1 1.941E+03 2.232E+03  5.43      96.4      167.      0.00      1.15      0.00      0.00      0.00      0.00      0.00      0.00
   8  16  0  -1 D0185004 A.Ingemarsson,  2001     3 8-O-16(HE3,NON),,SIG            1.15     0.875      11.8     5.852E-02 T1  762.      875.      4.20      96.4      167.      0.00      1.15      0.00      0.00      0.00      0.00      0.00      0.00
  50 116  0  -1 D0185010 A.Ingemarsson,  2001     3 50-SN-116(HE3,NON),,SIG         1.16     0.861      4.96     1.544E-02 T1 1.868E+03 2.182E+03  6.56      96.4      167.      0.00      1.16      0.00      0.00      0.00      0.00      0.00      0.00
  28  60  0  -1 D0185008 A.Ingemarsson,  2001     3 28-NI-60(HE3,NON),,SIG          1.16     0.865      5.53     2.512E-02 T1 1.380E+03 1.602E+03  5.92      96.4      167.      0.00      1.16      0.00      0.00      0.00      0.00      0.00      0.00
   4   9  0  -1 D0185002 A.Ingemarsson,  2001     3 4-BE-9(HE3,NON),,SIG            1.16     0.865      11.6     5.190E-02 T1  603.      700.      4.33      96.4      167.      0.00      1.16      0.00      0.00      0.00      0.00      0.00      0.00
  28  58  0  -1 D0185007 A.Ingemarsson,  2001     3 28-NI-58(HE3,NON),,SIG          1.17     0.855      7.42     2.908E-02 T1 1.344E+03 1.577E+03  5.37      96.4      167.      0.00      1.17      0.00      0.00      0.00      0.00      0.00      0.00
  50 118  0  -1 D0185011 A.Ingemarsson,  2001     3 50-SN-118(HE3,NON),,SIG         1.19     0.840      9.54     1.262E-02 T1 1.890E+03 2.253E+03  5.45      96.4      167.      0.00      1.19      0.00      0.00      0.00      0.00      0.00      0.00
  14  28  0  -1 D0185005 A.Ingemarsson,  2001     3 14-SI-28(HE3,NON),,SIG          1.22     0.824      13.1     4.585E-02 T1  950.     1.155E+03  5.01      96.4      167.      0.00      1.22      0.00      0.00      0.00      0.00      0.00      0.00
 Average F:  1.15    
