# Z   A   T   M  SUBENT      AUTHOR     YEAR     N            Reaction               F          A      chi2    p-value Quality World     Exp     Dexp(%)    E-min     E-max   TALYS     tendl.2025endfb8.1  jeff4.0   jendl5.0  cendl3.2  eaf.2010  irdff2.0
  41  93  0  -1 A0347004 H.H.Bissem,R.G  1980     0 41-NB-93(HE3,G)43-TC-96,,SIG    0.00      0.00      0.00      0.00         0.00     8.619E-03  8.00      8.90      28.4      0.00      0.00      0.00      0.00      0.00      0.00      0.00      0.00
  41  93  0  -1 A0347004 H.H.Bissem,R.G  1980     0 41-NB-93(HE3,G)43-TC-96,,SIG    0.00      0.00      0.00     1.897E-07     0.00     8.619E-03  8.00      8.90      28.4      0.00      0.00      0.00      0.00      0.00      0.00      0.00      0.00
  29  63  0  -1 A0347006 H.H.Bissem,R.G  1980     5 29-CU-63(HE3,N)31-GA-65,,SIG    1.07     0.964     0.803     0.389     T1  3.94      4.16      8.00      13.7      24.3      0.00      1.07      0.00      0.00      0.00      0.00      0.00      0.00
  29  63  0  -1 A0347006 H.H.Bissem,R.G  1980     5 29-CU-63(HE3,N)31-GA-65,,SIG    1.07     0.964     0.803     0.393     T1  3.94      4.16      8.00      13.7      24.3      0.00      1.07      0.00      0.00      0.00      0.00      0.00      0.00
  29  65  0  -1 A0347044 H.H.Bissem,R.G  1980     2 29-CU-65(HE3,3N)31-GA-65,,SIG   1.27      1.19      12.6     0.336     T1  35.5      30.5      8.00      20.0      24.3      0.00      1.27      0.00      0.00      0.00      0.00      0.00      0.00
  29  65  0  -1 A0347044 H.H.Bissem,R.G  1980     2 29-CU-65(HE3,3N)31-GA-65,,SIG   1.27      1.19      12.6     0.286     T1  35.5      30.5      8.00      20.0      24.3      0.00      1.27      0.00      0.00      0.00      0.00      0.00      0.00
  29  63  0  -1 A0347005 H.H.Bissem,R.G  1980    14 29-CU-63(HE3,N)31-GA-65,,SIG    1.34     0.925      11.2     0.348     T1  3.61      4.07      10.0      7.50      31.7      0.00      1.34      0.00      0.00      0.00      0.00      0.00      0.00
  29  63  0  -1 A0347005 H.H.Bissem,R.G  1980    14 29-CU-63(HE3,N)31-GA-65,,SIG    1.34     0.925      11.2     0.396     T1  3.61      4.07      10.0      7.50      31.7      0.00      1.34      0.00      0.00      0.00      0.00      0.00      0.00
  29  65  0  -1 A0347002 H.H.Bissem,R.G  1980    16 29-CU-65(HE3,N)31-GA-67,,SIG    1.54      1.00      16.4     0.340     T1  5.24      4.37      10.0      12.5      43.8      0.00      1.54      0.00      0.00      0.00      0.00      0.00      0.00
  29  65  0  -1 A0347002 H.H.Bissem,R.G  1980    16 29-CU-65(HE3,N)31-GA-67,,SIG    1.54      1.00      16.4     0.347     T2  5.24      4.37      10.0      12.5      43.8      0.00      1.54      0.00      0.00      0.00      0.00      0.00      0.00
  29  63  0  -1 A0347029 H.H.Bissem,R.G  1980     5 29-CU-63(HE3,X)27-CO-58,,SIG    1.62     0.976      67.3     0.421     T1  3.37      4.09      8.00      14.3      24.3      0.00      1.62      0.00      0.00      0.00      0.00      0.00      0.00
  29  63  0  -1 A0347024 H.H.Bissem,R.G  1980    17 29-CU-63(HE3,X)30-ZN-63,CUM,SI  1.76      1.35      117.     0.338     T1  269.      238.      10.0      18.4      42.5      0.00      1.76      0.00      0.00      0.00      0.00      0.00      0.00
  29  63  0  -1 A0347028 H.H.Bissem,R.G  1980     5 29-CU-63(HE3,X)29-CU-61,,SIG    1.82     0.567      29.7     0.350     T1  34.4      59.2      8.00      13.7      24.3      0.00      1.82      0.00      0.00      0.00      0.00      0.00      0.00
  29  63  0  -1 A0347025 H.H.Bissem,R.G  1980     5 29-CU-63(HE3,X)30-ZN-65,CUM,SI  1.94     0.518      36.3     0.313     T1  13.8      27.0      8.00      14.3      24.3      0.00      1.94      0.00      0.00      0.00      0.00      0.00      0.00
  29  63  0  -1 A0347025 H.H.Bissem,R.G  1980     5 29-CU-63(HE3,X)30-ZN-65,CUM,SI  1.94     0.518      36.3     0.321     T2  13.8      27.0      8.00      14.3      24.3      0.00      1.94      0.00      0.00      0.00      0.00      0.00      0.00
  41  93  0   0 A0347021 H.H.Bissem,R.G  1980    10 41-NB-93(HE3,N)43-TC-95-G,,SIG  2.01      1.93      174.     0.363     T1  5.17      2.46      8.00      8.90      23.7      0.00      2.01      0.00      0.00      0.00      0.00      0.00      0.00
  41  93  0   0 A0347021 H.H.Bissem,R.G  1980    10 41-NB-93(HE3,N)43-TC-95-G,,SIG  2.01      1.93      174.     0.349     T2  5.17      2.46      8.00      8.90      23.7      0.00      2.01      0.00      0.00      0.00      0.00      0.00      0.00
  41  93  0   1 A0347022 H.H.Bissem,R.G  1980    10 41-NB-93(HE3,N)43-TC-95-M,,SIG  2.26      1.92      274.     0.330     T1  1.19     0.515      8.00      8.90      27.3      0.00      2.26      0.00      0.00      0.00      0.00      0.00      0.00
  41  93  0   1 A0347022 H.H.Bissem,R.G  1980    10 41-NB-93(HE3,N)43-TC-95-M,,SIG  2.26      1.92      274.     0.386     T2  1.19     0.515      8.00      8.90      27.3      0.00      2.26      0.00      0.00      0.00      0.00      0.00      0.00
  41  93  0   1 A0347015 H.H.Bissem,R.G  1980    15 41-NB-93(HE3,2N)43-TC-94-M,,SI  2.34     0.475      27.2     0.321     T1  7.37      17.0      10.0      11.2      42.8      0.00      2.34      0.00      0.00      0.00      0.00      0.00      0.00
  41  93  0   1 A0347015 H.H.Bissem,R.G  1980    15 41-NB-93(HE3,2N)43-TC-94-M,,SI  2.34     0.475      27.2     0.321     T2  7.37      17.0      10.0      11.2      42.8      0.00      2.34      0.00      0.00      0.00      0.00      0.00      0.00
  41  93  0  -1 A0347003 H.H.Bissem,R.G  1980    12 41-NB-93(HE3,N)43-TC-95,,SIG    2.76      1.44     2.564E+03 0.264     T2  4.11      2.30      10.0      12.8      42.8      0.00      2.76      0.00      0.00      0.00      0.00      0.00      0.00
  41  93  0  -1 A0347003 H.H.Bissem,R.G  1980    12 41-NB-93(HE3,N)43-TC-95,,SIG    2.76      1.44     2.564E+03 0.271     T2  4.11      2.30      10.0      12.8      42.8      0.00      2.76      0.00      0.00      0.00      0.00      0.00      0.00
  29  65  0  -1 A0347043 H.H.Bissem,R.G  1980     3 29-CU-65(HE3,2N)31-GA-66,,SIG   3.39     0.313      71.2     0.211     T3  102.      272.      8.00      14.1      24.3      0.00      3.39      0.00      0.00      0.00      0.00      0.00      0.00
  29  65  0  -1 A0347043 H.H.Bissem,R.G  1980     3 29-CU-65(HE3,2N)31-GA-66,,SIG   3.39     0.313      71.2     0.220     T3  102.      272.      8.00      14.1      24.3      0.00      3.39      0.00      0.00      0.00      0.00      0.00      0.00
  29  63  0  -1 A0347027 H.H.Bissem,R.G  1980     5 29-CU-63(HE3,X)30-ZN-63,CUM,SI  3.52      3.09     2.174E+03 0.148     T3  167.      78.0      8.00      13.7      24.3      0.00      3.52      0.00      0.00      0.00      0.00      0.00      0.00
  41  93  0  -1 A0347016 H.H.Bissem,R.G  1980    15 41-NB-93(HE3,2N)43-TC-94,,SIG   3.63     0.286      49.8     0.234     T2  20.3      72.6      10.0      11.2      42.8      0.00      3.63      0.00      0.00      0.00      0.00      0.00      0.00
  41  93  0  -1 A0347016 H.H.Bissem,R.G  1980    15 41-NB-93(HE3,2N)43-TC-94,,SIG   3.63     0.286      49.8     0.241     T2  20.3      72.6      10.0      11.2      42.8      0.00      3.63      0.00      0.00      0.00      0.00      0.00      0.00
  29  65  0  -1 A0347011 H.H.Bissem,R.G  1980    23 29-CU-65(HE3,2N)31-GA-66,,SIG   3.65     0.290      49.1     0.157     T2  58.8      151.      10.0      12.5      43.8      0.00      3.65      0.00      0.00      0.00      0.00      0.00      0.00
  29  65  0  -1 A0347011 H.H.Bissem,R.G  1980    23 29-CU-65(HE3,2N)31-GA-66,,SIG   3.65     0.290      49.1     0.163     T3  58.8      151.      10.0      12.5      43.8      0.00      3.65      0.00      0.00      0.00      0.00      0.00      0.00
  29  65  0  -1 A0347012 H.H.Bissem,R.G  1980    20 29-CU-65(HE3,3N)31-GA-65,,SIG   4.06     0.414      81.6     0.169     T2  17.7      48.1      10.0      16.6      41.4      0.00      4.06      0.00      0.00      0.00      0.00      0.00      0.00
  29  65  0  -1 A0347012 H.H.Bissem,R.G  1980    20 29-CU-65(HE3,3N)31-GA-65,,SIG   4.06     0.414      81.6     0.165     T2  17.7      48.1      10.0      16.6      41.4      0.00      4.06      0.00      0.00      0.00      0.00      0.00      0.00
  41  93  0   0 A0347014 H.H.Bissem,R.G  1980    15 41-NB-93(HE3,2N)43-TC-94-G,,SI  4.42     0.235      57.3     0.296     T2  12.9      55.6      10.0      11.2      42.8      0.00      4.42      0.00      0.00      0.00      0.00      0.00      0.00
  41  93  0   0 A0347014 H.H.Bissem,R.G  1980    15 41-NB-93(HE3,2N)43-TC-94-G,,SI  4.42     0.235      57.3     0.301     T2  12.9      55.6      10.0      11.2      42.8      0.00      4.42      0.00      0.00      0.00      0.00      0.00      0.00
  29  63  0  -1 A0347026 H.H.Bissem,R.G  1980     5 29-CU-63(HE3,2N)31-GA-64,,SIG   4.54     0.226      92.1     0.195     T2  9.38      41.6      8.00      13.7      24.3      0.00      4.54      0.00      0.00      0.00      0.00      0.00      0.00
  29  63  0  -1 A0347026 H.H.Bissem,R.G  1980     5 29-CU-63(HE3,2N)31-GA-64,,SIG   4.54     0.226      92.1     0.196     T2  9.38      41.6      8.00      13.7      24.3      0.00      4.54      0.00      0.00      0.00      0.00      0.00      0.00
  29  65  0  -1 A0347045 H.H.Bissem,R.G  1980     2 29-CU-65(HE3,X)30-ZN-65,CUM,SI  4.81     0.282      68.1     0.118     T3  272.      387.      8.00      9.40      24.3      0.00      4.81      0.00      0.00      0.00      0.00      0.00      0.00
  41  93  0   1 A0347018 H.H.Bissem,R.G  1980    13 41-NB-93(HE3,3N)43-TC-93-M,,SI  6.18     0.200      75.5     0.105     T2  2.01      12.9      10.0      15.8      42.8      0.00      6.18      0.00      0.00      0.00      0.00      0.00      0.00
  41  93  0   1 A0347018 H.H.Bissem,R.G  1980    13 41-NB-93(HE3,3N)43-TC-93-M,,SI  6.18     0.200      75.5     0.108     T2  2.01      12.9      10.0      15.8      42.8      0.00      6.18      0.00      0.00      0.00      0.00      0.00      0.00
  29  63  0  -1 A0347023 H.H.Bissem,R.G  1980    15 29-CU-63(HE3,2N)31-GA-64,,SIG   6.63     0.161      67.8     0.130     T2  7.76      38.5      10.0      12.6      35.0      0.00      6.63      0.00      0.00      0.00      0.00      0.00      0.00
  29  63  0  -1 A0347023 H.H.Bissem,R.G  1980    15 29-CU-63(HE3,2N)31-GA-64,,SIG   6.63     0.161      67.8     0.132     T2  7.76      38.5      10.0      12.6      35.0      0.00      6.63      0.00      0.00      0.00      0.00      0.00      0.00
  29  65  0  -1 A0347010 H.H.Bissem,R.G  1980     2 29-CU-65(HE3,2A)27-CO-60,,SIG   8.87     0.126      113.     0.120     T2 0.264      2.34      8.00      20.0      24.3      0.00      8.87      0.00      0.00      0.00      0.00      0.00      0.00
  41  93  0  -1 A0347019 H.H.Bissem,R.G  1980    13 41-NB-93(HE3,3N)43-TC-93,,SIG   9.57     0.130      78.8     3.081E-02 T2  19.8      186.      10.0      15.8      42.8      0.00      9.57      0.00      0.00      0.00      0.00      0.00      0.00
  41  93  0  -1 A0347019 H.H.Bissem,R.G  1980    13 41-NB-93(HE3,3N)43-TC-93,,SIG   9.57     0.130      78.8     3.185E-02 T2  19.8      186.      10.0      15.8      42.8      0.00      9.57      0.00      0.00      0.00      0.00      0.00      0.00
  41  93  0   0 A0347017 H.H.Bissem,R.G  1980    13 41-NB-93(HE3,3N)43-TC-93-G,,SI  10.0     0.125      79.2     6.705E-02 T2  17.8      174.      10.0      15.8      42.8      0.00      10.0      0.00      0.00      0.00      0.00      0.00      0.00
  41  93  0   0 A0347017 H.H.Bissem,R.G  1980    13 41-NB-93(HE3,3N)43-TC-93-G,,SI  10.0     0.125      79.2     6.817E-02 T2  17.8      174.      10.0      15.8      42.8      0.00      10.0      0.00      0.00      0.00      0.00      0.00      0.00
  29  65  0  -1 A0347013 H.H.Bissem,R.G  1980     4 29-CU-65(HE3,4N)31-GA-64,,SIG   34.9     2.868E-02  94.3     5.960E-08 T2 0.176      6.20      10.0      38.4      41.7      0.00      34.9      0.00      0.00      0.00      0.00      0.00      0.00
  41  93  0  -1 A0347020 H.H.Bissem,R.G  1980     7 41-NB-93(HE3,4N)43-TC-92,,SIG   59.7     1.688E-02  96.5     5.109E-08 T2 0.936      59.5      10.0      31.6      42.8      0.00      59.7      0.00      0.00      0.00      0.00      0.00      0.00
 Average F:  5.70    
