# Z   A   T   M  SUBENT      AUTHOR     YEAR     N            Reaction               F          A      chi2    p-value Quality World     Exp     Dexp(%)    E-min     E-max   TALYS     tendl.2025endfb8.1  jeff4.0   jendl5.0  cendl3.2  eaf.2010  irdff2.0
  48 114  0   1 C2325010 J.B.Natowitz,R  1967     9 48-CD-114(D,P)48-CD-115-M,,SIG  1.25      1.11      7.18     0.261     T1  57.1      50.3      9.61      5.14      14.3      0.00      1.25      0.00      0.00      0.00      0.00      0.00      0.00
  48 114  0   1 C2325010 J.B.Natowitz,R  1967     9 48-CD-114(D,P)48-CD-115-M,,SIG  1.25      1.11      7.18     0.278     T1  57.1      50.3      9.61      5.14      14.3      0.00      1.25      0.00      0.00      0.00      0.00      0.00      0.00
  78 196  0   0 C2325019 J.B.Natowitz,R  1967     6 78-PT-196(D,P)78-PT-197-G,,SIG  2.30     0.474      23.1     0.253     T1  39.2      75.1      11.1      7.31      14.3      0.00      2.30      0.00      0.00      0.00      0.00      0.00      0.00
  78 196  0   0 C2325019 J.B.Natowitz,R  1967     6 78-PT-196(D,P)78-PT-197-G,,SIG  2.30     0.474      23.1     0.278     T2  39.2      75.1      11.1      7.31      14.3      0.00      2.30      0.00      0.00      0.00      0.00      0.00      0.00
  75 187  0   1 C2325016 J.B.Natowitz,R  1967     7 75-RE-187(D,P)75-RE-188-M,,SIG  2.40      2.02      326.     0.245     T1  24.4      14.0      11.5      7.71      14.2      0.00      2.40      0.00      0.00      0.00      0.00      0.00      0.00
  75 187  0   1 C2325016 J.B.Natowitz,R  1967     7 75-RE-187(D,P)75-RE-188-M,,SIG  2.40      2.02      326.     0.211     T2  24.4      14.0      11.5      7.71      14.2      0.00      2.40      0.00      0.00      0.00      0.00      0.00      0.00
  27  59  0   0 C2325003 J.B.Natowitz,R  1967    11 27-CO-59(D,P)27-CO-60-G,,SIG    2.41     0.492      6.86     0.244     T1  57.6      114.      20.5      4.73      13.7      0.00      2.41      0.00      0.00      0.00      0.00      0.00      0.00
  27  59  0   0 C2325003 J.B.Natowitz,R  1967    11 27-CO-59(D,P)27-CO-60-G,,SIG    2.41     0.492      6.86     0.269     T2  57.6      114.      20.5      4.73      13.7      0.00      2.41      0.00      0.00      0.00      0.00      0.00      0.00
  27  59  0   1 C2325002 J.B.Natowitz,R  1967    11 27-CO-59(D,P)27-CO-60-M,,SIG    2.72     0.415      22.3     0.261     T2  52.5      116.      12.1      4.69      13.7      0.00      2.72      0.00      0.00      0.00      0.00      0.00      0.00
  27  59  0   1 C2325002 J.B.Natowitz,R  1967    11 27-CO-59(D,P)27-CO-60-M,,SIG    2.72     0.415      22.3     0.282     T2  52.5      116.      12.1      4.69      13.7      0.00      2.72      0.00      0.00      0.00      0.00      0.00      0.00
  45 103  0   1 C2325006 J.B.Natowitz,R  1967     8 45-RH-103(D,P)45-RH-104-M,,SIG  2.77      2.07      428.     0.277     T2  35.4      21.2      11.5      5.59      14.4      0.00      2.77      0.00      0.00      0.00      0.00      0.00      0.00
  46 110  0   1 C2325008 J.B.Natowitz,R  1967     7 46-PD-110(D,P)46-PD-111-M,,SIG  2.78      2.70      416.     0.231     T2  37.6      15.2      10.2      4.85      14.2      0.00      2.78      0.00      0.00      0.00      0.00      0.00      0.00
  46 110  0   1 C2325008 J.B.Natowitz,R  1967     7 46-PD-110(D,P)46-PD-111-M,,SIG  2.78      2.70      416.     0.262     T2  37.6      15.2      10.2      4.85      14.2      0.00      2.78      0.00      0.00      0.00      0.00      0.00      0.00
  39  89  0   1 C2325004 J.B.Natowitz,R  1967     7 39-Y-89(D,P)39-Y-90-M,,SIG      3.01      2.92      317.     0.174     T2  37.1      13.6      12.0      5.18      14.5      0.00      3.01      0.00      0.00      0.00      0.00      0.00      0.00
  39  89  0   1 C2325004 J.B.Natowitz,R  1967     7 39-Y-89(D,P)39-Y-90-M,,SIG      3.01      2.92      317.     0.187     T2  37.1      13.6      12.0      5.18      14.5      0.00      3.01      0.00      0.00      0.00      0.00      0.00      0.00
  78 196  0   1 C2325018 J.B.Natowitz,R  1967     6 78-PT-196(D,P)78-PT-197-M,,SIG  3.42      3.11      803.     0.239     T3  55.3      17.1      10.8      7.37      14.3      0.00      3.42      0.00      0.00      0.00      0.00      0.00      0.00
  78 196  0   1 C2325018 J.B.Natowitz,R  1967     6 78-PT-196(D,P)78-PT-197-M,,SIG  3.42      3.11      803.     0.265     T3  55.3      17.1      10.8      7.37      14.3      0.00      3.42      0.00      0.00      0.00      0.00      0.00      0.00
  45 103  0   0 C2325007 J.B.Natowitz,R  1967    10 45-RH-103(D,P)45-RH-104-G,,SIG  5.49     0.199      31.5     9.971E-02 T2  20.4      114.      13.8      5.65      14.4      0.00      5.49      0.00      0.00      0.00      0.00      0.00      0.00
  45 103  0   0 C2325007 J.B.Natowitz,R  1967    10 45-RH-103(D,P)45-RH-104-G,,SIG  5.49     0.199      31.5     0.108     T2  20.4      114.      13.8      5.65      14.4      0.00      5.49      0.00      0.00      0.00      0.00      0.00      0.00
  46 110  0   0 C2325009 J.B.Natowitz,R  1967     7 46-PD-110(D,P)46-PD-111-G,,SIG  5.59     0.184      58.6     0.102     T2  29.5      169.      10.8      4.77      14.3      0.00      5.59      0.00      0.00      0.00      0.00      0.00      0.00
  46 110  0   0 C2325009 J.B.Natowitz,R  1967     7 46-PD-110(D,P)46-PD-111-G,,SIG  5.59     0.184      58.6     0.109     T2  29.5      169.      10.8      4.77      14.3      0.00      5.59      0.00      0.00      0.00      0.00      0.00      0.00
  55 133  0   1 C2325012 J.B.Natowitz,R  1967     8 55-CS-133(D,P)55-CS-134-M,,SIG  6.14     0.452      35.2     0.211     T2  26.6      25.6      11.9      2.33      13.8      0.00      6.14      0.00      0.00      0.00      0.00      0.00      0.00
  55 133  0   1 C2325012 J.B.Natowitz,R  1967     8 55-CS-133(D,P)55-CS-134-M,,SIG  6.14     0.452      35.2     0.205     T2  26.6      25.6      11.9      2.33      13.8      0.00      6.14      0.00      0.00      0.00      0.00      0.00      0.00
  73 181  0   0 C2325015 J.B.Natowitz,R  1967    13 73-TA-181(D,P)73-TA-182-G,,SIG  6.56     0.175      69.0     0.102     T2  24.9      162.      9.79      5.81      14.8      0.00      6.56      0.00      0.00      0.00      0.00      0.00      0.00
  73 181  0   0 C2325015 J.B.Natowitz,R  1967    13 73-TA-181(D,P)73-TA-182-G,,SIG  6.56     0.175      69.0     0.104     T2  24.9      162.      9.79      5.81      14.8      0.00      6.56      0.00      0.00      0.00      0.00      0.00      0.00
  48 114  0   0 C2325011 J.B.Natowitz,R  1967     9 48-CD-114(D,P)48-CD-115-G,,SIG  7.42     0.136      96.1     1.617E-02 T2  25.1      177.      8.98      5.14      14.3      0.00      7.42      0.00      0.00      0.00      0.00      0.00      0.00
  48 114  0   0 C2325011 J.B.Natowitz,R  1967     9 48-CD-114(D,P)48-CD-115-G,,SIG  7.42     0.136      96.1     1.848E-02 T2  25.1      177.      8.98      5.14      14.3      0.00      7.42      0.00      0.00      0.00      0.00      0.00      0.00
  75 187  0   0 C2325017 J.B.Natowitz,R  1967     8 75-RE-187(D,P)75-RE-188-G,,SIG  9.52     0.198      35.0     0.211     T3  46.2      133.      11.7      4.06      14.1      0.00      9.52      0.00      0.00      0.00      0.00      0.00      0.00
  75 187  0   0 C2325017 J.B.Natowitz,R  1967     8 75-RE-187(D,P)75-RE-188-G,,SIG  9.52     0.198      35.0     0.237     T3  46.2      133.      11.7      4.06      14.1      0.00      9.52      0.00      0.00      0.00      0.00      0.00      0.00
  55 133  0   0 C2325013 J.B.Natowitz,R  1967     8 55-CS-133(D,P)55-CS-134-G,,SIG  10.2     0.184      37.4     0.169     T3  33.9      79.8      12.3      2.26      13.9      0.00      10.2      0.00      0.00      0.00      0.00      0.00      0.00
  55 133  0   0 C2325013 J.B.Natowitz,R  1967     8 55-CS-133(D,P)55-CS-134-G,,SIG  10.2     0.184      37.4     0.191     T3  33.9      79.8      12.3      2.26      13.9      0.00      10.2      0.00      0.00      0.00      0.00      0.00      0.00
  39  89  0   0 C2325005 J.B.Natowitz,R  1967     8 39-Y-89(D,P)39-Y-90-G,,SIG      20.9     9.354E-02  61.0     0.162     T2  23.8      126.      10.8      2.65      14.5      0.00      20.9      0.00      0.00      0.00      0.00      0.00      0.00
  39  89  0   0 C2325005 J.B.Natowitz,R  1967     8 39-Y-89(D,P)39-Y-90-G,,SIG      20.9     9.354E-02  61.0     0.174     T2  23.8      126.      10.8      2.65      14.5      0.00      20.9      0.00      0.00      0.00      0.00      0.00      0.00
  73 181  0   1 C2325014 J.B.Natowitz,R  1967    10 73-TA-181(D,P)73-TA-182-M,,SIG  22.2      18.4     2.721E+05 3.592E-02 T2  32.0      2.39      10.2      8.98      14.8      0.00      22.2      0.00      0.00      0.00      0.00      0.00      0.00
  73 181  0   1 C2325014 J.B.Natowitz,R  1967    10 73-TA-181(D,P)73-TA-182-M,,SIG  22.2      18.4     2.721E+05 3.822E-02 T3  32.0      2.39      10.2      8.98      14.8      0.00      22.2      0.00      0.00      0.00      0.00      0.00      0.00
 Average F:  6.61    
