# Z   A   T   M  SUBENT      AUTHOR     YEAR     N            Reaction               F          A      chi2    p-value Quality World     Exp     Dexp(%)    E-min     E-max   TALYS     tendl.2025endfb8.1  jeff4.0   jendl5.0  cendl3.2  eaf.2010  irdff2.0
  40  90  0  -1 C10350101J.R.Wu,C.C.Cha  1979     1 40-ZR-90(D,X)1-H-1,,SIG         1.04      1.04     0.386     0.365     T1 1.911E+03 1.757E+03  14.1      70.0      70.0      0.00      1.04      0.00      0.00      0.00      0.00      0.00      0.00
  13  27  0  -1 C10350045J.R.Wu,C.C.Cha  1979     1 13-AL-27(D,X)2-HE-4,,SIG        1.04      1.02     0.308     0.472     T1  346.      338.      14.1      80.0      80.0      0.00      1.02      0.00      0.00      1.05      0.00      0.00      0.00
  28  58  0  -1 C10350074J.R.Wu,C.C.Cha  1979     1 28-NI-58(D,X)2-HE-3,,SIG        1.15      1.15      1.68     0.294     T1  29.6      25.0      14.1      80.0      80.0      0.00      1.15      0.00      0.00      0.00      0.00      0.00      0.00
  90 232  0  -1 C10350161J.R.Wu,C.C.Cha  1979     1 90-TH-232(D,X)1-H-1,,SIG        1.16     0.860      1.58     0.258     T1 1.195E+03 1.453E+03  14.1      70.0      70.0      0.00      1.16      0.00      0.00      0.00      0.00      0.00      0.00
  28  58  0  -1 C10350071J.R.Wu,C.C.Cha  1979     1 28-NI-58(D,X)1-H-1,,SIG         1.20      1.20      2.50     0.273     T1 3.324E+03 2.717E+03  14.1      80.0      80.0      0.00      1.20      0.00      0.00      0.00      0.00      0.00      0.00
  13  27  0  -1 C10350044J.R.Wu,C.C.Cha  1979     1 13-AL-27(D,X)2-HE-3,,SIG        1.26      1.26      3.93     0.189     T1  29.3      23.0      14.1      80.0      80.0      0.00      1.20      0.00      0.00      1.32      0.00      0.00      0.00
  13  27  0  -1 C10350043J.R.Wu,C.C.Cha  1979     1 13-AL-27(D,X)1-H-3,,SIG         1.28      1.03      3.91     0.489     T1  42.1      40.0      14.1      80.0      80.0      0.00      1.24      0.00      0.00      1.32      0.00      0.00      0.00
  40  90  0  -1 C10350104J.R.Wu,C.C.Cha  1979     1 40-ZR-90(D,X)2-HE-3,,SIG        1.31      1.31      5.01     0.253     T1  14.5      11.0      14.1      70.0      70.0      0.00      1.31      0.00      0.00      0.00      0.00      0.00      0.00
  28  58  0  -1 C10350073J.R.Wu,C.C.Cha  1979     1 28-NI-58(D,X)1-H-3,,SIG         1.31     0.761      3.31     0.252     T1  29.0      39.0      14.1      80.0      80.0      0.00      1.31      0.00      0.00      0.00      0.00      0.00      0.00
  40  90  0  -1 C10350103J.R.Wu,C.C.Cha  1979     1 40-ZR-90(D,X)1-H-3,,SIG         1.35     0.739      3.80     0.254     T1  31.9      44.0      14.1      70.0      70.0      0.00      1.35      0.00      0.00      0.00      0.00      0.00      0.00
  90 232  0  -1 C10350164J.R.Wu,C.C.Cha  1979     1 90-TH-232(D,X)2-HE-3,,SIG       1.43     0.697      4.84     0.245     T1  10.3      15.0      14.1      70.0      70.0      0.00      1.43      0.00      0.00      0.00      0.00      0.00      0.00
  82 208  0  -1 C10350131J.R.Wu,C.C.Cha  1979     1 82-PB-208(D,X)1-H-1,,SIG        1.52     0.660      5.95     0.254     T2 1.031E+03 1.574E+03  14.1      70.0      70.0      0.00      1.52      0.00      0.00      0.00      0.00      0.00      0.00
  82 208  0  -1 C10350134J.R.Wu,C.C.Cha  1979     1 82-PB-208(D,X)2-HE-3,,SIG       1.56     0.642      6.53     0.246     T1  6.39      10.0      14.1      70.0      70.0      0.00      1.56      0.00      0.00      0.00      0.00      0.00      0.00
  13  27  0  -1 C10350041J.R.Wu,C.C.Cha  1979     1 13-AL-27(D,X)1-H-1,,SIG         1.66      1.65      22.0     0.190     T2 1.627E+03  984.      14.1      80.0      80.0      0.00      1.54      0.00      0.00      1.76      0.00      0.00      0.00
  82 208  0  -1 C10350133J.R.Wu,C.C.Cha  1979     1 82-PB-208(D,X)1-H-3,,SIG        1.67     0.599      8.13     0.256     T1  47.7      80.0      14.1      70.0      70.0      0.00      1.67      0.00      0.00      0.00      0.00      0.00      0.00
  82 208  0  -1 C10350135J.R.Wu,C.C.Cha  1979     1 82-PB-208(D,X)2-HE-4,,SIG       2.23     0.449      15.2     0.243     T2  31.9      71.0      14.1      70.0      70.0      0.00      2.23      0.00      0.00      0.00      0.00      0.00      0.00
  40  90  0  -1 C10350105J.R.Wu,C.C.Cha  1979     1 40-ZR-90(D,X)2-HE-4,,SIG        2.38     0.421      16.8     0.256     T2  106.      251.      14.1      70.0      70.0      0.00      2.38      0.00      0.00      0.00      0.00      0.00      0.00
  28  58  0  -1 C10350075J.R.Wu,C.C.Cha  1979     1 28-NI-58(D,X)2-HE-4,,SIG        2.38     0.420      16.8     0.256     T2  175.      416.      14.1      80.0      80.0      0.00      2.38      0.00      0.00      0.00      0.00      0.00      0.00
  90 232  0  -1 C10350163J.R.Wu,C.C.Cha  1979     1 90-TH-232(D,X)1-H-3,,SIG        3.97      3.97      442.     0.498     T2  298.      75.0      14.1      70.0      70.0      0.00      3.97      0.00      0.00      0.00      0.00      0.00      0.00
  90 232  0  -1 C10350165J.R.Wu,C.C.Cha  1979     1 90-TH-232(D,X)2-HE-4,,SIG       4.03      4.03      459.     6.060E-02 T2  242.      60.0      14.1      70.0      70.0      0.00      4.03      0.00      0.00      0.00      0.00      0.00      0.00
 Average F:  1.75    
