# Z   A   T   M  SUBENT      AUTHOR     YEAR     N            Reaction               F          A      chi2    p-value Quality World     Exp     Dexp(%)    E-min     E-max   TALYS     tendl.2025endfb8.1  jeff4.0   jendl5.0  cendl3.2  eaf.2010  irdff2.0
  29  63  0  -1 F1322014 L.N.Generalov,  2017     0 29-CU-63(D,G)30-ZN-65,,SIG      0.00      0.00      0.00      0.00         0.00     1.293E-04  1.10      2.88      3.95      0.00      0.00      0.00      0.00      0.00      0.00      0.00      0.00
  29  65  0  -1 F1322013 L.N.Generalov,  2017     5 29-CU-65(D,2N)30-ZN-65,,SIG     1.48      1.45      130.     0.265     T1  175.      132.      4.47      4.70      7.03      0.00      1.56      0.00      0.00      1.30      0.00      0.00      0.00
  29  65  0  -1 F1322013 L.N.Generalov,  2017     5 29-CU-65(D,2N)30-ZN-65,,SIG     1.48      1.45      130.     0.240     T3  175.      132.      4.47      4.70      7.03      0.00      1.56      0.00      0.00      1.30      0.00      0.00      0.00
  29  65  0  -1 F1322012 L.N.Generalov,  2017    13 29-CU-65(D,2N)30-ZN-65,,SIG     1.86      1.50      591.     0.210     T1  447.      339.      3.13      4.81      10.5      0.00      1.91      0.00      0.00      1.25      0.00      0.00      0.00
  29  65  0  -1 F1322012 L.N.Generalov,  2017    13 29-CU-65(D,2N)30-ZN-65,,SIG     1.86      1.50      591.     0.239     T3  447.      339.      3.13      4.81      10.5      0.00      1.91      0.00      0.00      1.25      0.00      0.00      0.00
   3   6  0  -1 F1322008 L.N.Generalov,  2017     3 3-LI-6(D,N)4-BE-7,,SIG          2.74      1.20     6.262E+03 0.402     T2  82.6      45.0      3.17      8.45      9.78      0.00      3.23      0.00      0.00      2.26      0.00      0.00      0.00
   3   6  0  -1 F1322008 L.N.Generalov,  2017     3 3-LI-6(D,N)4-BE-7,,SIG          2.74      1.20     6.262E+03 0.376     T2  82.6      45.0      3.17      8.45      9.78      0.00      3.23      0.00      0.00      2.26      0.00      0.00      0.00
   3   6  0  -1 F1322006 L.N.Generalov,  2017     9 3-LI-6(D,N)4-BE-7,,SIG          3.30      1.14     1.691E+04 0.273     T3  126.      72.0      1.22      2.15      7.36      0.00      2.55      0.00      0.00      4.98      0.00      0.00      0.00
   3   6  0  -1 F1322006 L.N.Generalov,  2017     9 3-LI-6(D,N)4-BE-7,,SIG          3.30      1.14     1.691E+04 0.212     T3  126.      72.0      1.22      2.15      7.36      0.00      2.55      0.00      0.00      4.98      0.00      0.00      0.00
   3   7  0  -1 F1322011 L.N.Generalov,  2017     3 3-LI-7(D,2N)4-BE-7,,SIG         3.42     0.392      761.     0.242     T2  27.5      53.5      2.97      8.45      9.78      0.00      2.05      1.09      0.00      7.41      0.00      0.00      0.00
   3   6  0  -1 F1322007 L.N.Generalov,  2017     5 3-LI-6(D,N)4-BE-7,,SIG          4.01     0.879     8.529E+03 0.330     T3  107.      65.2      1.66      3.93      7.70      0.00      2.61      0.00      0.00      6.48      0.00      0.00      0.00
   3   6  0  -1 F1322007 L.N.Generalov,  2017     5 3-LI-6(D,N)4-BE-7,,SIG          4.01     0.879     8.529E+03 0.247     T3  107.      65.2      1.66      3.93      7.70      0.00      2.61      0.00      0.00      6.48      0.00      0.00      0.00
   3   7  0  -1 F1322011 L.N.Generalov,  2017     3 3-LI-7(D,2N)4-BE-7,,SIG         4.50     0.257     1.137E+03 0.260     T2  16.7      53.5      2.97      8.45      9.78      0.00      2.05      0.00      0.00      7.41      0.00      0.00      0.00
   3   7  0  -1 F1322010 L.N.Generalov,  2017     4 3-LI-7(D,2N)4-BE-7,,SIG         5.08     0.471      532.     0.208     T2  11.6      20.8      5.75      5.44      7.70      0.00      1.96      1.76      0.00      21.1      0.00      0.00      0.00
   3   7  0  -1 F1322009 L.N.Generalov,  2017     4 3-LI-7(D,2N)4-BE-7,,SIG         6.59     0.271     1.213E+03 0.210     T2  11.5      18.8      13.0      4.96      7.36      0.00      1.99      1.12      0.00      24.3      0.00      0.00      0.00
   3   7  0  -1 F1322010 L.N.Generalov,  2017     4 3-LI-7(D,2N)4-BE-7,,SIG         6.91     0.281      747.     0.250     T2  6.82      20.8      5.75      5.44      7.70      0.00      1.96      0.00      0.00      21.1      0.00      0.00      0.00
   3   7  0  -1 F1322009 L.N.Generalov,  2017     4 3-LI-7(D,2N)4-BE-7,,SIG         10.1     0.148     1.808E+03 0.229     T2  6.64      18.8      13.0      4.96      7.36      0.00      1.99      0.00      0.00      24.3      0.00      0.00      0.00
 Average F:  3.96    
