# Z   A   T   M  SUBENT      AUTHOR     YEAR     N            Reaction               F          A      chi2    p-value Quality World     Exp     Dexp(%)    E-min     E-max   TALYS     tendl.2025endfb8.1  jeff4.0   jendl5.0  cendl3.2  eaf.2010  irdff2.0
   7  14  0  -1 F1458010 L.N.Generalov,  2020    24 7-N-14(D,X)6-C-11,,SIG          1.63      1.47      34.6     0.251     T1  8.03      4.59      45.4      4.59      11.8      0.00      1.63      0.00      0.00      0.00      0.00      0.00      0.00
   7  14  0  -1 F1458010 L.N.Generalov,  2020    24 7-N-14(D,X)6-C-11,,SIG          1.63      1.47      34.6     0.292     T1  8.03      4.59      45.4      4.59      11.8      0.00      1.63      0.00      0.00      0.00      0.00      0.00      0.00
   7  14  0  -1 F1458012 L.N.Generalov,  2020    27 7-N-14(D,X)6-C-11,,SIG          2.10      1.93      298.     0.263     T1  7.04      2.98      32.6      5.18      11.8      0.00      2.10      0.00      0.00      0.00      0.00      0.00      0.00
   7  14  0  -1 F1458012 L.N.Generalov,  2020    27 7-N-14(D,X)6-C-11,,SIG          2.10      1.93      298.     0.239     T1  7.04      2.98      32.6      5.18      11.8      0.00      2.10      0.00      0.00      0.00      0.00      0.00      0.00
   6  12  0  -1 F1458002 L.N.Generalov,  2020    51 6-C-12(D,N)7-N-13,,SIG          2.17      1.53      980.     0.325     T1  145.      92.9      4.12      1.01      11.8      0.00      2.50      0.00      0.00      1.81      0.00      0.00      0.00
   6  12  0  -1 F1458002 L.N.Generalov,  2020    51 6-C-12(D,N)7-N-13,,SIG          2.17      1.53      980.     0.339     T3  145.      92.9      4.12      1.01      11.8      0.00      2.50      0.00      0.00      1.81      0.00      0.00      0.00
   7  14  0  -1 F1458005 L.N.Generalov,  2020    46 7-N-14(D,N)8-O-15,,SIG          2.23      2.13      108.     0.295     T1  159.      75.2      12.7      2.39      11.6      0.00      2.23      0.00      0.00      0.00      0.00      0.00      0.00
   7  14  0  -1 F1458005 L.N.Generalov,  2020    46 7-N-14(D,N)8-O-15,,SIG          2.23      2.13      108.     0.252     T3  159.      75.2      12.7      2.39      11.6      0.00      2.23      0.00      0.00      0.00      0.00      0.00      0.00
   7  14  0  -1 F1458006 L.N.Generalov,  2020    50 7-N-14(D,N)8-O-15,,SIG          2.36      2.26      173.     0.270     T1  151.      68.0      13.8      1.43      11.8      0.00      2.36      0.00      0.00      0.00      0.00      0.00      0.00
   7  14  0  -1 F1458006 L.N.Generalov,  2020    50 7-N-14(D,N)8-O-15,,SIG          2.36      2.26      173.     0.224     T3  151.      68.0      13.8      1.43      11.8      0.00      2.36      0.00      0.00      0.00      0.00      0.00      0.00
   7  14  0  -1 F1458011 L.N.Generalov,  2020    25 7-N-14(D,X)6-C-11,,SIG          2.42      1.85      152.     0.289     T1  8.26      5.49      25.3      7.72      11.8      0.00      2.42      0.00      0.00      0.00      0.00      0.00      0.00
   7  14  0  -1 F1458011 L.N.Generalov,  2020    25 7-N-14(D,X)6-C-11,,SIG          2.42      1.85      152.     0.307     T1  8.26      5.49      25.3      7.72      11.8      0.00      2.42      0.00      0.00      0.00      0.00      0.00      0.00
   7  14  0  -1 F1458007 L.N.Generalov,  2020    33 7-N-14(D,X)7-N-13,,SIG          2.74      2.52      133.     0.347     T2  6.06      1.88      24.5      4.56      11.8      0.00      2.74      0.00      0.00      0.00      0.00      0.00      0.00
   8  16  0  -1 F1458003 L.N.Generalov,  2020    46 8-O-16(D,N)9-F-17,,SIG          2.85     0.371      47.6     0.267     T3  158.      428.      9.10      2.26      11.8      0.00      2.85      0.00      0.00      0.00      0.00      0.00      0.00
   8  16  0  -1 F1458003 L.N.Generalov,  2020    46 8-O-16(D,N)9-F-17,,SIG          2.85     0.371      47.6     0.225     T3  158.      428.      9.10      2.26      11.8      0.00      2.85      0.00      0.00      0.00      0.00      0.00      0.00
   8  16  0  -1 F1458004 L.N.Generalov,  2020    46 8-O-16(D,N)9-F-17,,SIG          3.00     0.352      22.9     0.190     T2  159.      465.      13.4      2.39      11.8      0.00      3.00      0.00      0.00      0.00      0.00      0.00      0.00
   8  16  0  -1 F1458004 L.N.Generalov,  2020    46 8-O-16(D,N)9-F-17,,SIG          3.00     0.352      22.9     0.169     T2  159.      465.      13.4      2.39      11.8      0.00      3.00      0.00      0.00      0.00      0.00      0.00      0.00
   7  14  0  -1 F1458008 L.N.Generalov,  2020    34 7-N-14(D,X)7-N-13,,SIG          3.14      2.66      467.     0.312     T2  5.88      1.86      12.6      4.56      11.8      0.00      3.14      0.00      0.00      0.00      0.00      0.00      0.00
   7  14  0  -1 F1458009 L.N.Generalov,  2020    29 7-N-14(D,X)7-N-13,,SIG          3.66      3.41     1.384E+03 0.176     T2  6.22      1.36      19.8      4.55      11.8      0.00      3.66      0.00      0.00      0.00      0.00      0.00      0.00
 Average F:  2.48    
