# Z   A   T   M  SUBENT      AUTHOR     YEAR     N            Reaction               F          A      chi2    p-value Quality World     Exp     Dexp(%)    E-min     E-max   TALYS     tendl.2025endfb8.1  jeff4.0   jendl5.0  cendl3.2  eaf.2010  irdff2.0
  57 139  0  -1 D4059009 N.Baron, B.L.C  1963     0 57-LA-139(D,P+A)55-CS-136,,SIG  0.00      0.00      0.00      0.00         0.00     7.100E-02  7.50      20.3      20.3      0.00      0.00      0.00      0.00      0.00      0.00      0.00      0.00
  57 139  0  -1 D4059009 N.Baron, B.L.C  1963     0 57-LA-139(D,P+A)55-CS-136,,SIG  0.00      0.00      0.00     2.384E-07     0.00     7.100E-02  7.50      20.3      20.3      0.00      0.00      0.00      0.00      0.00      0.00      0.00      0.00
  49 115  0  -1 D4059008 N.Baron, B.L.C  1963     0 49-IN-115(D,P+A)47-AG-112,,SIG  0.00      0.00      0.00      0.00         0.00     5.300E-02  7.50      19.3      19.3      0.00      0.00      0.00      0.00      0.00      0.00      0.00      0.00
  49 115  0  -1 D4059008 N.Baron, B.L.C  1963     0 49-IN-115(D,P+A)47-AG-112,,SIG  0.00      0.00      0.00     5.960E-08     0.00     5.300E-02  7.50      19.3      19.3      0.00      0.00      0.00      0.00      0.00      0.00      0.00      0.00
  33  75  0   0 D4059045 N.Baron, B.L.C  1963     1 33-AS-75(D,2P)32-GE-75-G,(M),S  1.02      1.02     0.281     0.434     T1 0.163     0.157      7.50      18.9      18.9      0.00      1.02      0.00      0.00      0.00      0.00      0.00      0.00
  33  75  0  -1 D4059006 N.Baron, B.L.C  1963     1 33-AS-75(D,P+A)31-GA-72,,SIG    1.03     0.975     0.449     0.392     T1 0.208     0.219      7.50      19.4      19.4      0.00      1.03      0.00      0.00      0.00      0.00      0.00      0.00
  33  75  0  -1 D4059006 N.Baron, B.L.C  1963     1 33-AS-75(D,P+A)31-GA-72,,SIG    1.03     0.975     0.449     0.407     T1 0.208     0.219      7.50      19.4      19.4      0.00      1.03      0.00      0.00      0.00      0.00      0.00      0.00
  31  69  0  -1 D4059011 N.Baron, B.L.C  1963     1 31-GA-69(D,2N)32-GE-69,,SIG     1.03     0.974     0.473     0.396     T1  680.      717.      7.50      18.8      18.8      0.00      1.03      0.00      0.00      0.00      0.00      0.00      0.00
  31  69  0  -1 D4059011 N.Baron, B.L.C  1963     1 31-GA-69(D,2N)32-GE-69,,SIG     1.03     0.974     0.473     0.116     T1  680.      717.      7.50      18.8      18.8      0.00      1.03      0.00      0.00      0.00      0.00      0.00      0.00
  29  65  0  -1 D4059044 N.Baron, B.L.C  1963     1 29-CU-65(D,2P)28-NI-65,,SIG     1.08     0.925      1.60     0.448     T1 0.742     0.820      7.50      19.4      19.4      0.00      1.08      0.00      0.00      0.00      0.00      0.00      0.00
  39  89  0  -1 D4059012 N.Baron, B.L.C  1963     1 39-Y-89(D,2N)40-ZR-89,,SIG      1.23      1.23      9.82     0.203     T1 1.035E+03  838.      7.50      19.5      19.5      0.00      1.23      0.00      0.00      0.00      0.00      0.00      0.00
  39  89  0  -1 D4059012 N.Baron, B.L.C  1963     1 39-Y-89(D,2N)40-ZR-89,,SIG      1.23      1.23      9.82     5.456E-02 T1 1.035E+03  838.      7.50      19.5      19.5      0.00      1.23      0.00      0.00      0.00      0.00      0.00      0.00
  82 208  0  -1 D4059035 N.Baron, B.L.C  1963     1 82-PB-208(D,P)82-PB-209,,SIG    1.24     0.808      6.67     0.484     T1  96.8      120.      7.50      20.3      20.3      0.00      1.24      0.00      0.00      0.00      0.00      0.00      0.00
  82 208  0  -1 D4059035 N.Baron, B.L.C  1963     1 82-PB-208(D,P)82-PB-209,,SIG    1.24     0.808      6.67     0.452     T1  96.8      120.      7.50      20.3      20.3      0.00      1.24      0.00      0.00      0.00      0.00      0.00      0.00
  24  50  0  -1 D4059013 N.Baron, B.L.C  1963     1 24-CR-50(D,A)23-V-48,,SIG       1.31      1.31      17.3     0.272     T1  14.8      11.3      7.50      18.7      18.7      0.00      1.31      0.00      0.00      0.00      0.00      0.00      0.00
  24  50  0  -1 D4059013 N.Baron, B.L.C  1963     1 24-CR-50(D,A)23-V-48,,SIG       1.31      1.31      17.3     0.270     T1  14.8      11.3      7.50      18.7      18.7      0.00      1.31      0.00      0.00      0.00      0.00      0.00      0.00
  33  75  0  -1 D4059037 N.Baron, B.L.C  1963     1 33-AS-75(D,T)33-AS-74,,SIG      1.33     0.753      10.9     0.253     T1  11.8      15.7      7.50      19.2      19.2      0.00      1.33      0.00      0.00      0.00      0.00      0.00      0.00
  47 109  0   0 D4059047 N.Baron, B.L.C  1963     1 47-AG-109(D,2P)46-PD-109-G,(M)  1.36      1.36      23.6     0.296     T1 3.205E-02 2.350E-02  7.50      19.7      19.7      0.00      1.36      0.00      0.00      0.00      0.00      0.00      0.00
  27  59  0  -1 D4059003 N.Baron, B.L.C  1963     1 27-CO-59(D,P+A)25-MN-56,,SIG    1.48      1.48      41.7     0.299     T1  5.70      3.84      7.50      19.1      19.1      0.00      1.48      0.00      0.00      0.00      0.00      0.00      0.00
  27  59  0  -1 D4059003 N.Baron, B.L.C  1963     1 27-CO-59(D,P+A)25-MN-56,,SIG    1.48      1.48      41.7     0.260     T1  5.70      3.84      7.50      19.1      19.1      0.00      1.48      0.00      0.00      0.00      0.00      0.00      0.00
  17  35  0  -1 D4059002 N.Baron, B.L.C  1963     1 17-CL-35(D,P+A)15-P-32,,SIG     1.55      1.55      54.7     0.216     T1  113.      72.6      7.50      18.6      18.6      0.00      1.55      0.00      0.00      0.00      0.00      0.00      0.00
  17  35  0  -1 D4059002 N.Baron, B.L.C  1963     1 17-CL-35(D,P+A)15-P-32,,SIG     1.55      1.55      54.7     0.243     T1  113.      72.6      7.50      18.6      18.6      0.00      1.55      0.00      0.00      0.00      0.00      0.00      0.00
  26  56  0  -1 D4059042 N.Baron, B.L.C  1963     1 26-FE-56(D,2P)25-MN-56,,SIG     1.60     0.623      25.2     0.252     T1  9.10      14.6      7.50      19.1      19.1      0.00      1.60      0.00      0.00      0.00      0.00      0.00      0.00
  28  58  0  -1 D4059036 N.Baron, B.L.C  1963     1 28-NI-58(D,T)28-NI-57,,SIG      1.61     0.620      25.6     0.264     T1  3.78      6.10      7.50      18.8      18.8      0.00      1.61      0.00      0.00      0.00      0.00      0.00      0.00
  30  68  0   1 D4059021 N.Baron, B.L.C  1963     1 30-ZN-68(D,P)30-ZN-69-M,,SIG    1.64     0.612      26.8     0.249     T1  22.6      37.0      7.50      18.0      18.0      0.00      1.64      0.00      0.00      0.00      0.00      0.00      0.00
  30  68  0   1 D4059021 N.Baron, B.L.C  1963     1 30-ZN-68(D,P)30-ZN-69-M,,SIG    1.64     0.612      26.8     0.269     T1  22.6      37.0      7.50      18.0      18.0      0.00      1.64      0.00      0.00      0.00      0.00      0.00      0.00
  27  59  0  -1 D4059043 N.Baron, B.L.C  1963     1 27-CO-59(D,2P)26-FE-59,,SIG     1.74      1.74      97.0     0.475     T1  17.9      10.3      7.50      19.5      19.5      0.00      1.74      0.00      0.00      0.00      0.00      0.00      0.00
  29  65  0  -1 D4059044 N.Baron, B.L.C  1963     1 29-CU-65(D,2P)28-NI-65,,SIG     1.78      1.44      141.     0.353     T1  1.30     0.820      7.50      19.4      19.4      0.00      1.08      0.00      0.00      2.26      0.00      0.00      0.00
  39  89  0  -1 D4059046 N.Baron, B.L.C  1963     1 39-Y-89(D,2P)38-SR-89,,SIG      1.79     0.560      34.4     0.255     T1 0.188     0.336      7.50      19.9      19.9      0.00      1.79      0.00      0.00      0.00      0.00      0.00      0.00
  28  58  0  -1 D4059016 N.Baron, B.L.C  1963     1 28-NI-58(D,N+A)27-CO-55,,SIG    1.94      1.94      157.     0.183     T1  45.0      23.2      7.50      18.8      18.8      0.00      1.94      0.00      0.00      0.00      0.00      0.00      0.00
  28  58  0  -1 D4059016 N.Baron, B.L.C  1963     1 28-NI-58(D,N+A)27-CO-55,,SIG    1.94      1.94      157.     0.190     T1  45.0      23.2      7.50      18.8      18.8      0.00      1.94      0.00      0.00      0.00      0.00      0.00      0.00
  28  62  0  -1 D4059004 N.Baron, B.L.C  1963     1 28-NI-62(D,P+A)26-FE-59,,SIG    1.97     0.507      43.2     0.240     T1 0.684      1.35      7.50      17.4      17.4      0.00      1.97      0.00      0.00      0.00      0.00      0.00      0.00
  30  68  0  -1 D4059005 N.Baron, B.L.C  1963     1 30-ZN-68(D,P+A)28-NI-65,,SIG    2.02      2.02      186.     0.159     T1 0.241     0.119      7.50      18.2      18.2      0.00      2.02      0.00      0.00      0.00      0.00      0.00      0.00
  30  68  0  -1 D4059005 N.Baron, B.L.C  1963     1 30-ZN-68(D,P+A)28-NI-65,,SIG    2.02      2.02      186.     0.159     T2 0.241     0.119      7.50      18.2      18.2      0.00      2.02      0.00      0.00      0.00      0.00      0.00      0.00
  53 127  0   0 D4059048 N.Baron, B.L.C  1963     1 53-I-127(D,2P)52-TE-127-G,(M),  2.10     0.477      48.7     0.235     T1 6.674E-03 1.400E-02  7.50      20.0      20.0      0.00      2.10      0.00      0.00      0.00      0.00      0.00      0.00
  53 127  0   0 D4059048 N.Baron, B.L.C  1963     1 53-I-127(D,2P)52-TE-127-G,(M),  2.10     0.477      48.7     0.235     T2 6.674E-03 1.400E-02  7.50      20.0      20.0      0.00      2.10      0.00      0.00      0.00      0.00      0.00      0.00
  35  79  0  -1 D4059007 N.Baron, B.L.C  1963     1 35-BR-79(D,P+A)33-AS-76,,SIG    2.17      2.17      244.     0.355     T1 0.436     0.201      7.50      18.9      18.9      0.00      2.17      0.00      0.00      0.00      0.00      0.00      0.00
  35  79  0  -1 D4059007 N.Baron, B.L.C  1963     1 35-BR-79(D,P+A)33-AS-76,,SIG    2.17      2.17      244.     0.467     T2 0.436     0.201      7.50      18.9      18.9      0.00      2.17      0.00      0.00      0.00      0.00      0.00      0.00
  53 127  0  -1 D4059039 N.Baron, B.L.C  1963     1 53-I-127(D,T)53-I-126,,SIG      2.19     0.456      52.5     0.276     T2  13.2      29.0      7.50      20.0      20.0      0.00      2.19      0.00      0.00      0.00      0.00      0.00      0.00
  74 186  0  -1 D4059033 N.Baron, B.L.C  1963     1 74-W-186(D,P)74-W-187,,SIG      2.21     0.452      53.4     0.256     T1  42.4      93.7      7.50      20.0      20.0      0.00      2.21      0.00      0.00      0.00      0.00      0.00      0.00
  74 186  0  -1 D4059033 N.Baron, B.L.C  1963     1 74-W-186(D,P)74-W-187,,SIG      2.21     0.452      53.4     0.269     T2  42.4      93.7      7.50      20.0      20.0      0.00      2.21      0.00      0.00      0.00      0.00      0.00      0.00
  16  32  0  -1 D4059041 N.Baron, B.L.C  1963     1 16-S-32(D,2P)15-P-32,,SIG       2.44      2.44      371.     0.171     T1  340.      139.      7.50      18.3      18.3      0.00      2.44      0.00      0.00      0.00      0.00      0.00      0.00
  16  32  0  -1 D4059041 N.Baron, B.L.C  1963     1 16-S-32(D,2P)15-P-32,,SIG       2.44      2.44      371.     0.171     T3  340.      139.      7.50      18.3      18.3      0.00      2.44      0.00      0.00      0.00      0.00      0.00      0.00
  56 138  0  -1 D4059028 N.Baron, B.L.C  1963     1 56-BA-138(D,P)56-BA-139,,SIG    2.61     0.383      67.7     0.267     T1  37.4      97.7      7.50      20.0      20.0      0.00      2.61      0.00      0.00      0.00      0.00      0.00      0.00
  56 138  0  -1 D4059028 N.Baron, B.L.C  1963     1 56-BA-138(D,P)56-BA-139,,SIG    2.61     0.383      67.7     0.303     T2  37.4      97.7      7.50      20.0      20.0      0.00      2.61      0.00      0.00      0.00      0.00      0.00      0.00
  55 133  0   1 D4059027 N.Baron, B.L.C  1963     1 55-CS-133(D,P)55-CS-134-M,,SIG  2.82     0.355      74.1     0.242     T2  12.9      36.5      7.50      19.4      19.4      0.00      2.82      0.00      0.00      0.00      0.00      0.00      0.00
  55 133  0   1 D4059027 N.Baron, B.L.C  1963     1 55-CS-133(D,P)55-CS-134-M,,SIG  2.82     0.355      74.1     0.253     T2  12.9      36.5      7.50      19.4      19.4      0.00      2.82      0.00      0.00      0.00      0.00      0.00      0.00
  52 130  0   1 D4059026 N.Baron, B.L.C  1963     1 52-TE-130(D,P)52-TE-131-M,,SIG  2.95     0.339      77.7     0.241     T2  21.8      64.3      7.50      19.8      19.8      0.00      2.95      0.00      0.00      0.00      0.00      0.00      0.00
  52 130  0   1 D4059026 N.Baron, B.L.C  1963     1 52-TE-130(D,P)52-TE-131-M,,SIG  2.95     0.339      77.7     0.256     T2  21.8      64.3      7.50      19.8      19.8      0.00      2.95      0.00      0.00      0.00      0.00      0.00      0.00
  58 142  0  -1 D4059030 N.Baron, B.L.C  1963     1 58-CE-142(D,P)58-CE-143,,SIG    2.96     0.338      78.0     0.250     T2  34.1      101.      7.50      20.3      20.3      0.00      2.96      0.00      0.00      0.00      0.00      0.00      0.00
  58 142  0  -1 D4059030 N.Baron, B.L.C  1963     1 58-CE-142(D,P)58-CE-143,,SIG    2.96     0.338      78.0     0.285     T2  34.1      101.      7.50      20.3      20.3      0.00      2.96      0.00      0.00      0.00      0.00      0.00      0.00
  11  23  0  -1 D4059018 N.Baron, B.L.C  1963     1 11-NA-23(D,P)11-NA-24,,SIG      2.98     0.336      78.5     0.237     T2  15.9      47.3      7.50      17.0      17.0      0.00      2.98      0.00      0.00      0.00      0.00      0.00      0.00
  11  23  0  -1 D4059018 N.Baron, B.L.C  1963     1 11-NA-23(D,P)11-NA-24,,SIG      2.98     0.336      78.5     0.252     T2  15.9      47.3      7.50      17.0      17.0      0.00      2.98      0.00      0.00      0.00      0.00      0.00      0.00
  30  64  0  -1 D4059017 N.Baron, B.L.C  1963     1 30-ZN-64(D,N+A)29-CU-61,,SIG    3.09      3.09      776.     4.057E-03 T2  88.3      28.6      7.50      18.0      18.0      0.00      3.09      0.00      0.00      0.00      0.00      0.00      0.00
  30  64  0  -1 D4059017 N.Baron, B.L.C  1963     1 30-ZN-64(D,N+A)29-CU-61,,SIG    3.09      3.09      776.     4.057E-03 T1  88.3      28.6      7.50      18.0      18.0      0.00      3.09      0.00      0.00      0.00      0.00      0.00      0.00
  39  89  0  -1 D4059025 N.Baron, B.L.C  1963     1 39-Y-89(D,P)39-Y-90,,SIG        3.81     0.263      96.7     0.219     T2  27.0      103.      7.50      19.5      19.5      0.00      3.81      0.00      0.00      0.00      0.00      0.00      0.00
  39  89  0  -1 D4059025 N.Baron, B.L.C  1963     1 39-Y-89(D,P)39-Y-90,,SIG        3.81     0.263      96.7     0.233     T2  27.0      103.      7.50      19.5      19.5      0.00      3.81      0.00      0.00      0.00      0.00      0.00      0.00
  33  75  0  -1 D4059023 N.Baron, B.L.C  1963     1 33-AS-75(D,P)33-AS-76,,SIG      4.04     0.247      101.     0.482     T2  19.0      76.9      7.50      19.0      19.0      0.00      4.04      0.00      0.00      0.00      0.00      0.00      0.00
  33  75  0  -1 D4059023 N.Baron, B.L.C  1963     1 33-AS-75(D,P)33-AS-76,,SIG      4.04     0.247      101.     0.495     T2  19.0      76.9      7.50      19.0      19.0      0.00      4.04      0.00      0.00      0.00      0.00      0.00      0.00
  40  90  0   0 D4059038 N.Baron, B.L.C  1963     1 40-ZR-90(D,T)40-ZR-89-G,,SIG    4.71     0.212      110.     0.268     T2  3.80      17.9      7.50      19.0      19.0      0.00      4.71      0.00      0.00      0.00      0.00      0.00      0.00
  57 139  0  -1 D4059029 N.Baron, B.L.C  1963     1 57-LA-139(D,P)57-LA-140,,SIG    5.13     0.195      115.     0.245     T2  19.5      100.      7.50      20.3      20.3      0.00      5.13      0.00      0.00      0.00      0.00      0.00      0.00
  57 139  0  -1 D4059029 N.Baron, B.L.C  1963     1 57-LA-139(D,P)57-LA-140,,SIG    5.13     0.195      115.     0.256     T2  19.5      100.      7.50      20.3      20.3      0.00      5.13      0.00      0.00      0.00      0.00      0.00      0.00
  31  71  0  -1 D4059022 N.Baron, B.L.C  1963     1 31-GA-71(D,P)31-GA-72,,SIG      5.32     0.188      117.     0.338     T2  18.8      100.      7.50      18.8      18.8      0.00      5.32      0.00      0.00      0.00      0.00      0.00      0.00
  31  71  0  -1 D4059022 N.Baron, B.L.C  1963     1 31-GA-71(D,P)31-GA-72,,SIG      5.32     0.188      117.     0.375     T2  18.8      100.      7.50      18.8      18.8      0.00      5.32      0.00      0.00      0.00      0.00      0.00      0.00
  19  41  0  -1 D4059019 N.Baron, B.L.C  1963     1 19-K-41(D,P)19-K-42,,SIG        5.42     0.185      118.     0.207     T2  14.4      77.9      7.50      19.5      19.5      0.00      5.42      0.00      0.00      0.00      0.00      0.00      0.00
  19  41  0  -1 D4059019 N.Baron, B.L.C  1963     1 19-K-41(D,P)19-K-42,,SIG        5.42     0.185      118.     0.217     T2  14.4      77.9      7.50      19.5      19.5      0.00      5.42      0.00      0.00      0.00      0.00      0.00      0.00
  25  55  0  -1 D4059020 N.Baron, B.L.C  1963     1 25-MN-55(D,P)25-MN-56,,SIG      6.04     0.165      124.      0.00     T2  12.8      77.6      7.50      18.4      18.4      0.00      6.04      0.00      0.00      0.00      0.00      0.00      0.00
  25  55  0  -1 D4059020 N.Baron, B.L.C  1963     1 25-MN-55(D,P)25-MN-56,,SIG      6.04     0.165      124.     5.960E-08 T2  12.8      77.6      7.50      18.4      18.4      0.00      6.04      0.00      0.00      0.00      0.00      0.00      0.00
  35  81  0   0 D4059024 N.Baron, B.L.C  1963     1 35-BR-81(D,P)35-BR-82-G,,SIG    6.94     0.144      130.     2.384E-07 T2  9.71      67.4      7.50      18.8      18.8      0.00      6.94      0.00      0.00      0.00      0.00      0.00      0.00
  67 165  0   0 D4059032 N.Baron, B.L.C  1963     1 67-HO-165(D,P)67-HO-166-G,,SIG  7.69     0.130      135.     2.384E-07 T2  13.0      100.      7.50      19.9      19.9      0.00      7.69      0.00      0.00      0.00      0.00      0.00      0.00
  67 165  0   0 D4059032 N.Baron, B.L.C  1963     1 67-HO-165(D,P)67-HO-166-G,,SIG  7.69     0.130      135.      0.00     T2  13.0      100.      7.50      19.9      19.9      0.00      7.69      0.00      0.00      0.00      0.00      0.00      0.00
  79 197  0   0 D4059040 N.Baron, B.L.C  1963     1 79-AU-197(D,T)79-AU-196-G,(M),  13.7     7.322E-02  153.      0.00     T2  3.62      49.5      7.50      20.3      20.3      0.00      13.7      0.00      0.00      0.00      0.00      0.00      0.00
  59 141  0   0 D4059031 N.Baron, B.L.C  1963     1 59-PR-141(D,P)59-PR-142-G,,SIG  16.0     6.259E-02  156.     2.980E-07 T2  5.57      89.0      7.50      19.7      19.7      0.00      16.0      0.00      0.00      0.00      0.00      0.00      0.00
  59 141  0   0 D4059031 N.Baron, B.L.C  1963     1 59-PR-141(D,P)59-PR-142-G,,SIG  16.0     6.259E-02  156.     5.960E-08 T2  5.57      89.0      7.50      19.7      19.7      0.00      16.0      0.00      0.00      0.00      0.00      0.00      0.00
  58 142  0  -1 D4059015 N.Baron, B.L.C  1963     1 58-CE-142(D,X)57-LA-141,,SIG    463.     2.158E-03  177.     5.960E-08 T2 4.402E-02  20.4      7.50      20.3      20.3      0.00      463.      0.00      0.00      0.00      0.00      0.00      0.00
 Average F:  9.78    
