# Z   A   T   M  SUBENT      AUTHOR     YEAR     N            Reaction               F          A      chi2    p-value Quality World     Exp     Dexp(%)    E-min     E-max   TALYS     tendl.2025endfb8.1  jeff4.0   jendl5.0  cendl3.2  eaf.2010  irdff2.0
  79 197  0  -1 D0737007 N.K.Skobelev,   2014     0 79-AU-197(HE3,2P)79-AU-198,,SI  0.00      0.00      0.00      0.00         0.00      9.06      12.5      13.9      24.2      0.00      0.00      0.00      0.00      0.00      0.00      0.00      0.00
  79 197  0  -1 D0737007 N.K.Skobelev,   2014     0 79-AU-197(HE3,2P)79-AU-198,,SI  0.00      0.00      0.00     6.812E-08     0.00      9.06      12.5      13.9      24.2      0.00      0.00      0.00      0.00      0.00      0.00      0.00      0.00
  78   0  0   1 D07370141N.K.Skobelev,   2014     3 78-PT-0(HE3,X)79-AU-198-M,,SIG  3.27     0.377      33.2     0.218     T2 0.259      1.12      176.      15.7      19.6      0.00      3.27      0.00      0.00      0.00      0.00      0.00      0.00
  79 197  0   1 D07370101N.K.Skobelev,   2014     5 79-AU-197(HE3,X)80-HG-197-M,,S  3.52      3.37      350.     0.314     T3  73.4      28.8      14.5      17.3      24.2      0.00      3.52      0.00      0.00      0.00      0.00      0.00      0.00
  79 197  0   1 D07370081N.K.Skobelev,   2014     5 79-AU-197(HE3,2N)81-TL-198-M,,  3.59     0.286      10.9     0.178     T2  2.29      6.95      23.0      17.3      24.2      0.00      3.59      0.00      0.00      0.00      0.00      0.00      0.00
  79 197  0   1 D07370081N.K.Skobelev,   2014     5 79-AU-197(HE3,2N)81-TL-198-M,,  3.59     0.286      10.9     0.177     T2  2.29      6.95      23.0      17.3      24.2      0.00      3.59      0.00      0.00      0.00      0.00      0.00      0.00
  78 194  0  -1 D0737002 N.K.Skobelev,   2014     2 78-PT-194(HE3,X)79-AU-194,,SIG  4.55      4.50      565.     0.419     T3  275.      64.4      23.6      22.3      24.1      0.00      4.55      0.00      0.00      0.00      0.00      0.00      0.00
  79 197  0  -1 D0737006 N.K.Skobelev,   2014     7 79-AU-197(HE3,X)79-AU-196,,SIG  4.96     0.209      192.     0.174     T2 0.863      3.77      21.5      13.9      24.2      0.00      4.96      0.00      0.00      0.00      0.00      0.00      0.00
  79 197  0  -1 D0737009 N.K.Skobelev,   2014     5 79-AU-197(HE3,2N)81-TL-198,,SI  5.01     0.204      51.3     0.144     T2  2.87      11.9      12.6      17.3      24.2      0.00      5.01      0.00      0.00      0.00      0.00      0.00      0.00
  79 197  0  -1 D0737009 N.K.Skobelev,   2014     5 79-AU-197(HE3,2N)81-TL-198,,SI  5.01     0.204      51.3     0.142     T2  2.87      11.9      12.6      17.3      24.2      0.00      5.01      0.00      0.00      0.00      0.00      0.00      0.00
  78 194  0   1 D07370041N.K.Skobelev,   2014     2 78-PT-194(HE3,2N)80-HG-195-M,,  8.85     0.113     2.514E+03  0.00     T2  3.93      35.4      2.13      22.3      24.1      0.00      8.85      0.00      0.00      0.00      0.00      0.00      0.00
  78 194  0   1 D07370041N.K.Skobelev,   2014     2 78-PT-194(HE3,2N)80-HG-195-M,,  8.85     0.113     2.514E+03 5.960E-08 T2  3.93      35.4      2.13      22.3      24.1      0.00      8.85      0.00      0.00      0.00      0.00      0.00      0.00
  78   0  0   2 D07370121N.K.Skobelev,   2014     1 78-PT-0(HE3,X)79-AU-196-M2,,SI  12.0      12.0     1.464E+04  0.00     T2  2.48     0.206      9.09      19.6      19.6      0.00      12.0      0.00      0.00      0.00      0.00      0.00      0.00
  78   0  0   1 D07370131N.K.Skobelev,   2014     3 78-PT-0(HE3,X)80-HG-195-M,,SIG  15.3     6.578E-02  22.3     2.186E-07 T2 0.318      5.34      28.6      15.7      19.6      0.00      15.3      0.00      0.00      0.00      0.00      0.00      0.00
  78 194  0  -1 D0737003 N.K.Skobelev,   2014     2 78-PT-194(HE3,X)79-AU-196,,SIG  18.3     5.468E-02  501.     2.980E-08 T2 0.945      17.5      5.17      22.3      24.1      0.00      18.3      0.00      0.00      0.00      0.00      0.00      0.00
  78 194  0  -1 D0737003 N.K.Skobelev,   2014     2 78-PT-194(HE3,X)79-AU-196,,SIG  18.3     5.468E-02  501.     1.490E-07 T2 0.945      17.5      5.17      22.3      24.1      0.00      18.3      0.00      0.00      0.00      0.00      0.00      0.00
  79 197  0  -1 D0737005 N.K.Skobelev,   2014     5 79-AU-197(HE3,3N)81-TL-197,,SI  49.6     2.039E-02  252.     5.960E-08 T2  3.20      154.      10.9      17.3      24.2      0.00      49.6      0.00      0.00      0.00      0.00      0.00      0.00
  79 197  0  -1 D0737005 N.K.Skobelev,   2014     5 79-AU-197(HE3,3N)81-TL-197,,SI  49.6     2.039E-02  252.     2.027E-07 T2  3.20      154.      10.9      17.3      24.2      0.00      49.6      0.00      0.00      0.00      0.00      0.00      0.00
 Average F:  13.4    
