# Z   A   T   M  SUBENT      AUTHOR     YEAR     N            Reaction               F          A      chi2    p-value Quality World     Exp     Dexp(%)    E-min     E-max   TALYS     tendl.2025endfb8.1  jeff4.0   jendl5.0  cendl3.2  eaf.2010  irdff2.0
  26   0  0  -1 D40580433P.Jung          1991     2 26-FE-0(D,X)27-CO-58,,SIG       1.15     0.910      0.00     0.434     T1  4.64      5.03      0.00      8.30      13.5      0.00      1.15      0.00      0.00      0.00      0.00      0.00      0.00
  13  27  0  -1 D4058009 P.Jung          1991     2 13-AL-27(D,X)2-HE-4,,SIG        1.24      1.21      7.22     0.217     T1  373.      305.      10.9      8.30      13.5      0.00      1.24      0.00      0.00      1.23      0.00      0.00      0.00
  29   0  0  -1 D4058014 P.Jung          1991     2 29-CU-0(D,X)2-HE-4,,SIG         1.26      1.13      0.00     0.430     T1  127.      110.      0.00      8.20      13.4      0.00      1.09      0.00      0.00      1.37      0.00      0.00      0.00
  22   0  0  -1 D4058010 P.Jung          1991     2 22-TI-0(D,X)2-HE-4,,SIG         1.26     0.814      0.00     0.280     T1  39.7      50.5      0.00      8.40      13.6      0.00      1.26      0.00      0.00      0.00      0.00      0.00      0.00
  26   0  0  -1 D40580434P.Jung          1991     2 26-FE-0(D,X)25-MN-54,,SIG       1.35      1.28      0.00     0.220     T1  50.7      40.9      0.00      8.30      13.5      0.00      1.35      0.00      0.00      0.00      0.00      0.00      0.00
  29   0  0  -1 D4058047 P.Jung          1991     2 29-CU-0(D,X)30-ZN-65,,SIG       1.37      1.32      0.00     0.189     T1  230.      182.      0.00      8.20      13.4      0.00      1.44      0.00      0.00      1.30      0.00      0.00      0.00
  23  51  0  -1 D4058011 P.Jung          1991     2 23-V-51(D,X)2-HE-4,,SIG         1.43     0.743      0.00     0.282     T1  32.5      41.0      0.00      8.20      13.4      0.00      1.43      0.00      0.00      0.00      0.00      0.00      0.00
  26   0  0  -1 D40580432P.Jung          1991     2 26-FE-0(D,X)27-CO-57,,SIG       1.46     0.793      0.00     0.475     T1  175.      191.      0.00      8.30      13.5      0.00      1.46      0.00      0.00      0.00      0.00      0.00      0.00
  28   0  0  -1 D40580451P.Jung          1991     2 28-NI-0(D,X)27-CO-56,,SIG       1.47      1.36      0.00     0.301     T1  42.2      30.2      0.00      8.30      13.5      0.00      1.47      0.00      0.00      0.00      0.00      0.00      0.00
  22   0  0  -1 D40580392P.Jung          1991     2 22-TI-0(D,X)21-SC-46,,SIG       1.51     0.694      0.00     0.322     T1  19.8      29.8      0.00      8.40      13.6      0.00      1.51      0.00      0.00      0.00      0.00      0.00      0.00
  26   0  0  -1 D4058012 P.Jung          1991     2 26-FE-0(D,X)2-HE-4,,SIG         1.55      1.53      7.51     0.266     T1  64.5      43.5      8.93      8.30      13.5      0.00      1.55      0.00      0.00      0.00      0.00      0.00      0.00
  23   0  0  -1 D4058041 P.Jung          1991     2 23-V-0(D,X)24-CR-51,,SIG        1.65      1.62      0.00     0.307     T1  858.      543.      0.00      8.20      13.4      0.00      1.65      0.00      0.00      0.00      0.00      0.00      0.00
  28   0  0  -1 D4058013 P.Jung          1991     2 28-NI-0(D,X)2-HE-4,,SIG         1.94      1.94      28.5     0.253     T1  120.      61.0      5.56      8.30      13.5      0.00      1.94      0.00      0.00      0.00      0.00      0.00      0.00
  28   0  0  -1 D40580453P.Jung          1991     2 28-NI-0(D,X)27-CO-58,,SIG       1.96      1.96      0.00     0.236     T1  174.      92.4      0.00      8.30      13.5      0.00      1.96      0.00      0.00      0.00      0.00      0.00      0.00
  22   0  0  -1 D40580391P.Jung          1991     2 22-TI-0(D,X)23-V-48,,SIG        2.19      2.13      0.00     0.199     T1  244.      135.      0.00      8.40      13.6      0.00      2.19      0.00      0.00      0.00      0.00      0.00      0.00
  28   0  0  -1 D40580452P.Jung          1991     1 28-NI-0(D,X)27-CO-57,,SIG       2.68      2.68      0.00     0.161     T1  28.5      10.6      0.00      13.5      13.5      0.00      2.68      0.00      0.00      0.00      0.00      0.00      0.00
  26   0  0  -1 D40580431P.Jung          1991     2 26-FE-0(D,X)27-CO-56,,SIG       5.23      4.45      0.00     3.683E-02 T2  189.      83.4      0.00      8.30      13.5      0.00      5.23      0.00      0.00      0.00      0.00      0.00      0.00
 Average F:  1.81    
