# Z   A   T   M  SUBENT      AUTHOR     YEAR     N            Reaction               F          A      chi2    p-value Quality World     Exp     Dexp(%)    E-min     E-max   TALYS     tendl.2025endfb8.1  jeff4.0   jendl5.0  cendl3.2  eaf.2010  irdff2.0
  40  96  0  -1 O20300033R.Bock          1961     1 40-ZR-96(D,2N)41-NB-96,,SIG     1.20      1.20      9.64     0.194     T1  925.      770.      6.49      9.40      9.40      0.00      1.20      0.00      0.00      0.00      0.00      0.00      0.00
  40  96  0  -1 O20300033R.Bock          1961     1 40-ZR-96(D,2N)41-NB-96,,SIG     1.20      1.20      9.64     5.103E-02 T1  925.      770.      6.49      9.40      9.40      0.00      1.20      0.00      0.00      0.00      0.00      0.00      0.00
  40  96  0  -1 O2030004 R.Bock          1961     6 40-ZR-96(D,2N)41-NB-96,,SIG     1.78      1.60      0.00     0.281     T1  447.      351.      0.00      4.65      9.47      0.00      1.78      0.00      0.00      0.00      0.00      0.00      0.00
  40  96  0  -1 O2030004 R.Bock          1961     6 40-ZR-96(D,2N)41-NB-96,,SIG     1.78      1.60      0.00     0.168     T2  447.      351.      0.00      4.65      9.47      0.00      1.78      0.00      0.00      0.00      0.00      0.00      0.00
  40  96  0  -1 O2030006 R.Bock          1961    12 40-ZR-96(D,P)40-ZR-97,,SIG      1.93     0.682      0.00     0.304     T1  78.8      147.      0.00      3.82      11.7      0.00      1.93      0.00      0.00      0.00      0.00      0.00      0.00
  40  96  0  -1 O2030006 R.Bock          1961    12 40-ZR-96(D,P)40-ZR-97,,SIG      1.93     0.682      0.00     0.308     T2  78.8      147.      0.00      3.82      11.7      0.00      1.93      0.00      0.00      0.00      0.00      0.00      0.00
  40  96  0  -1 O2030005 R.Bock          1961     9 40-ZR-96(D,N)41-NB-97,,SIG      2.04     0.514      0.00     0.254     T1  26.2      56.4      0.00      3.82      9.91      0.00      2.04      0.00      0.00      0.00      0.00      0.00      0.00
  40  96  0  -1 O2030005 R.Bock          1961     9 40-ZR-96(D,N)41-NB-97,,SIG      2.04     0.514      0.00     0.293     T2  26.2      56.4      0.00      3.82      9.91      0.00      2.04      0.00      0.00      0.00      0.00      0.00      0.00
  40  96  0  -1 O20300031R.Bock          1961     1 40-ZR-96(D,P)40-ZR-97,,SIG      2.14     0.466      91.4     0.253     T1  100.      215.      5.58      9.00      9.00      0.00      2.14      0.00      0.00      0.00      0.00      0.00      0.00
  40  96  0  -1 O20300031R.Bock          1961     1 40-ZR-96(D,P)40-ZR-97,,SIG      2.14     0.466      91.4     0.280     T2  100.      215.      5.58      9.00      9.00      0.00      2.14      0.00      0.00      0.00      0.00      0.00      0.00
  40  96  0  -1 O20300032R.Bock          1961     1 40-ZR-96(D,N)41-NB-97,,SIG      2.24     0.447      86.4     0.248     T1  37.5      84.0      5.95      7.50      7.50      0.00      2.24      0.00      0.00      0.00      0.00      0.00      0.00
  40  96  0  -1 O20300032R.Bock          1961     1 40-ZR-96(D,N)41-NB-97,,SIG      2.24     0.447      86.4     0.286     T2  37.5      84.0      5.95      7.50      7.50      0.00      2.24      0.00      0.00      0.00      0.00      0.00      0.00
  40  94  0  -1 O20300022R.Bock          1961     1 40-ZR-94(D,N)41-NB-95,,SIG      2.24     0.446      54.3     0.255     T1  59.3      133.      7.52      7.80      7.80      0.00      2.24      0.00      0.00      0.00      0.00      0.00      0.00
  40  94  0  -1 O20300022R.Bock          1961     1 40-ZR-94(D,N)41-NB-95,,SIG      2.24     0.446      54.3     0.290     T2  59.3      133.      7.52      7.80      7.80      0.00      2.24      0.00      0.00      0.00      0.00      0.00      0.00
  40  94  0  -1 O2030008 R.Bock          1961    11 40-ZR-94(D,N)41-NB-95,,SIG      2.38     0.488      0.00     0.257     T1  46.3      96.1      0.00      4.70      11.5      0.00      2.38      0.00      0.00      0.00      0.00      0.00      0.00
  40  94  0  -1 O2030008 R.Bock          1961    11 40-ZR-94(D,N)41-NB-95,,SIG      2.38     0.488      0.00     0.285     T2  46.3      96.1      0.00      4.70      11.5      0.00      2.38      0.00      0.00      0.00      0.00      0.00      0.00
  40  94  0  -1 O2030007 R.Bock          1961    12 40-ZR-94(D,P)40-ZR-95,,SIG      2.42     0.560      0.00     0.277     T1  65.6      170.      0.00      3.88      11.4      0.00      2.42      0.00      0.00      0.00      0.00      0.00      0.00
  40  94  0  -1 O2030007 R.Bock          1961    12 40-ZR-94(D,P)40-ZR-95,,SIG      2.42     0.560      0.00     0.295     T2  65.6      170.      0.00      3.88      11.4      0.00      2.42      0.00      0.00      0.00      0.00      0.00      0.00
  40  94  0  -1 O20300021R.Bock          1961     1 40-ZR-94(D,P)40-ZR-95,,SIG      3.49     0.287      159.     0.162     T2  94.4      329.      5.66      9.50      9.50      0.00      3.49      0.00      0.00      0.00      0.00      0.00      0.00
  40  94  0  -1 O20300021R.Bock          1961     1 40-ZR-94(D,P)40-ZR-95,,SIG      3.49     0.287      159.     0.176     T2  94.4      329.      5.66      9.50      9.50      0.00      3.49      0.00      0.00      0.00      0.00      0.00      0.00
 Average F:  2.19    
