# Z   A   T   M  SUBENT      AUTHOR     YEAR     N            Reaction               F          A      chi2    p-value Quality World     Exp     Dexp(%)    E-min     E-max   TALYS     tendl.2025endfb8.1  jeff4.0   jendl5.0  cendl3.2  eaf.2010  irdff2.0
  29   0  0  -1 D02230111S.Mayo,W.Schim  1965     1 29-CU-0(D,NON),,SIG             1.00     0.998     9.212E-02 1.540E-02 T1 1.645E+03 1.660E+03  2.95      24.9      24.9      0.00      1.00      0.00      0.00      0.00      0.00      0.00      0.00
  27  59  0  -1 D02230101S.Mayo,W.Schim  1965     1 27-CO-59(D,NON),,SIG            1.00      1.00     0.166     1.388E-02 T1 1.606E+03 1.586E+03  3.09      25.2      25.2      0.00      1.00      0.00      0.00      0.00      0.00      0.00      0.00
  22   0  0  -1 D02230061S.Mayo,W.Schim  1965     1 22-TI-0(D,NON),,SIG             1.00      1.00     1.096E-02 1.497E-02 T1 1.503E+03 1.507E+03  2.52      25.3      25.3      0.00      1.00      0.00      0.00      0.00      0.00      0.00      0.00
  13  27  0  -1 D02230051S.Mayo,W.Schim  1965     1 13-AL-27(D,NON),,SIG            1.00      1.00     7.105E-02 2.190E-02 T1 1.245E+03 1.230E+03  4.47      24.9      24.9      0.00      1.00      0.00      0.00      0.00      0.00      0.00      0.00
  12   0  0  -1 D02230041S.Mayo,W.Schim  1965     1 12-MG-0(D,NON),,SIG             1.00      1.00     2.126E-03 1.934E-02 T1 1.205E+03 1.202E+03  4.58      25.3      25.3      0.00      1.00      0.00      0.00      0.00      0.00      0.00      0.00
   6   0  0  -1 D02230031S.Mayo,W.Schim  1965     1 6-C-0(D,NON),,SIG               1.01      1.01     0.322     3.029E-02 T1  941.      924.      3.25      25.1      25.1      0.00      1.01      0.00      0.00      0.00      0.00      0.00      0.00
  30   0  0  -1 D02230121S.Mayo,W.Schim  1965     1 30-ZN-0(D,NON),,SIG             1.02     0.981     0.934     1.556E-02 T1 1.665E+03 1.713E+03  2.92      25.3      25.3      0.00      1.02      0.00      0.00      0.00      0.00      0.00      0.00
  45 103  0  -1 D02230141S.Mayo,W.Schim  1965     1 45-RH-103(D,NON),,SIG           1.03      1.03      1.22     9.457E-03 T1 1.918E+03 1.848E+03  3.41      25.2      25.2      0.00      1.03      0.00      0.00      0.00      0.00      0.00      0.00
  47   0  0  -1 D02230151S.Mayo,W.Schim  1965     1 47-AG-0(D,NON),,SIG             1.04      1.04      3.06     1.371E-02 T1 1.942E+03 1.855E+03  2.70      25.1      25.1      0.00      1.04      0.00      0.00      0.00      0.00      0.00      0.00
  40   0  0  -1 D02230131S.Mayo,W.Schim  1965     1 40-ZR-0(D,NON),,SIG             1.04      1.04      1.45     1.416E-02 T1 1.854E+03 1.769E+03  4.01      25.1      25.1      0.00      1.04      0.00      0.00      0.00      0.00      0.00      0.00
  28   0  0  -1 D02230091S.Mayo,W.Schim  1965     1 28-NI-0(D,NON),,SIG             1.04      1.04      2.42     1.763E-02 T1 1.612E+03 1.537E+03  3.12      25.1      25.1      0.00      1.04      0.00      0.00      0.00      0.00      0.00      0.00
  26   0  0  -1 D02230081S.Mayo,W.Schim  1965     1 26-FE-0(D,NON),,SIG             1.06     0.946      4.16     2.005E-02 T1 1.582E+03 1.676E+03  2.74      25.1      25.1      0.00      1.06      0.00      0.00      0.00      0.00      0.00      0.00
  23   0  0  -1 D02230071S.Mayo,W.Schim  1965     1 23-V-0(D,NON),,SIG              1.07     0.939      4.47     1.688E-02 T1 1.527E+03 1.631E+03  3.00      24.6      24.6      0.00      1.07      0.00      0.00      0.00      0.00      0.00      0.00
   4   9  0  -1 D02230021S.Mayo,W.Schim  1965     1 4-BE-9(D,NON),,SIG              1.08     0.930      4.52     2.880E-02 T1  817.      881.      3.41      25.2      25.2      0.00      1.08      0.00      0.00      0.00      0.00      0.00      0.00
  82   0  0  -1 D02230191S.Mayo,W.Schim  1965     1 82-PB-0(D,NON),,SIG             1.09      1.09      7.93     6.231E-03 T1 2.359E+03 2.162E+03  3.24      25.1      25.1      0.00      1.09      0.00      0.00      0.00      0.00      0.00      0.00
  73   0  0  -1 D02230171S.Mayo,W.Schim  1965     1 73-TA-0(D,NON),,SIG             1.12      1.12      16.7     5.896E-03 T1 2.279E+03 2.034E+03  2.95      25.0      25.0      0.00      1.12      0.00      0.00      0.00      0.00      0.00      0.00
  79 197  0  -1 D02230181S.Mayo,W.Schim  1965     1 79-AU-197(D,NON),,SIG           1.14      1.14      19.6     1.170E-02 T1 2.316E+03 2.028E+03  3.21      25.1      25.1      0.00      1.14      0.00      0.00      0.00      0.00      0.00      0.00
  50   0  0  -1 D02230161S.Mayo,W.Schim  1965     1 50-SN-0(D,NON),,SIG             1.15      1.15      26.1     1.002E-02 T1 2.046E+03 1.786E+03  2.86      25.3      25.3      0.00      1.15      0.00      0.00      0.00      0.00      0.00      0.00
 Average F:  1.05    
