# Z   A   T   M  SUBENT      AUTHOR     YEAR     N            Reaction               F          A      chi2    p-value Quality World     Exp     Dexp(%)    E-min     E-max   TALYS     tendl.2025endfb8.1  jeff4.0   jendl5.0  cendl3.2  eaf.2010  irdff2.0
  41  93  0  -1 A0583036 S.N.Kondratyev  1996     0 41-NB-93(HE3,X)4-BE-7,IND,SIG   0.00      0.00      0.00      0.00         0.00      1.23      17.5      12.8      90.7      0.00      0.00      0.00      0.00      0.00      0.00      0.00      0.00
  41  93  0  -1 A0583027 S.N.Kondratyev  1996     6 41-NB-93(HE3,X)40-ZR-86,CUM,SI  1.66      1.03      20.9     0.252     T1  10.3      14.4      14.5      69.1      93.0      0.00      1.66      0.00      0.00      0.00      0.00      0.00      0.00
  41  93  0   1 A0583012 S.N.Kondratyev  1996    27 41-NB-93(HE3,X)41-NB-92-M,,SIG  2.90     0.690      91.5     0.265     T2  19.0      33.6      12.0      12.8      93.0      0.00      2.90      0.00      0.00      0.00      0.00      0.00      0.00
  41  93  0   1 A0583005 S.N.Kondratyev  1996    11 41-NB-93(HE3,2N)43-TC-94-M,,SI  2.93     0.385      4.96     0.235     T2  4.68      11.2      33.3      14.7      73.9      0.00      2.93      0.00      0.00      0.00      0.00      0.00      0.00
  41  93  0   1 A0583005 S.N.Kondratyev  1996    11 41-NB-93(HE3,2N)43-TC-94-M,,SI  2.93     0.385      4.96     0.245     T2  4.68      11.2      33.3      14.7      73.9      0.00      2.93      0.00      0.00      0.00      0.00      0.00      0.00
  41  93  0   1 A0583011 S.N.Kondratyev  1996    16 41-NB-93(HE3,X)42-MO-93-M,IND,  3.52     0.466      536.     0.231     T2  23.1      55.5      6.41      14.7      93.0      0.00      3.52      0.00      0.00      0.00      0.00      0.00      0.00
  41  93  0  -1 A0583013 S.N.Kondratyev  1996    10 41-NB-93(HE3,X)42-MO-90,CUM,SI  3.57      1.63     2.223E+03 0.181     T2  54.5      62.0      7.30      48.0      93.0      0.00      3.57      0.00      0.00      0.00      0.00      0.00      0.00
  41  93  0  -1 A0583021 S.N.Kondratyev  1996    10 41-NB-93(HE3,X)40-ZR-88,CUM,SI  3.74     0.439      193.     0.209     T2  53.5      116.      6.97      31.8      90.7      0.00      3.74      0.00      0.00      0.00      0.00      0.00      0.00
  41  93  0   1 A0583002 S.N.Kondratyev  1996     8 41-NB-93(HE3,N)43-TC-95-M,,SIG  4.19     0.420      99.5     0.194     T2 0.414     0.367      13.7      12.8      67.4      0.00      4.19      0.00      0.00      0.00      0.00      0.00      0.00
  41  93  0   1 A0583002 S.N.Kondratyev  1996     8 41-NB-93(HE3,N)43-TC-95-M,,SIG  4.19     0.420      99.5     0.275     T2 0.414     0.367      13.7      12.8      67.4      0.00      4.19      0.00      0.00      0.00      0.00      0.00      0.00
  41  93  0   0 A0583020 S.N.Kondratyev  1996    12 41-NB-93(HE3,X)40-ZR-89-G,IND,  4.23     0.568      5.42     0.152     T2  50.0      56.0      48.1      37.1      93.0      0.00      4.23      0.00      0.00      0.00      0.00      0.00      0.00
  41  93  0  -1 A0583014 S.N.Kondratyev  1996    15 41-NB-93(HE3,X)41-NB-90,IND,SI  4.38     0.564      161.     0.213     T3  185.      160.      6.89      20.5      93.0      0.00      4.38      0.00      0.00      0.00      0.00      0.00      0.00
  41  93  0   1 A0583008 S.N.Kondratyev  1996     8 41-NB-93(HE3,3N)43-TC-93-M,,SI  5.21     0.214      14.9     0.161     T2  1.47      10.7      29.4      20.5      58.5      0.00      5.21      0.00      0.00      0.00      0.00      0.00      0.00
  41  93  0   1 A0583008 S.N.Kondratyev  1996     8 41-NB-93(HE3,3N)43-TC-93-M,,SI  5.21     0.214      14.9     0.165     T2  1.47      10.7      29.4      20.5      58.5      0.00      5.21      0.00      0.00      0.00      0.00      0.00      0.00
  41  93  0  -1 A0583004 S.N.Kondratyev  1996    11 41-NB-93(HE3,N)43-TC-95,,SIG    5.96     0.285      74.9     0.151     T2  2.23      2.65      12.9      14.7      67.4      0.00      5.96      0.00      0.00      0.00      0.00      0.00      0.00
  41  93  0  -1 A0583004 S.N.Kondratyev  1996    11 41-NB-93(HE3,N)43-TC-95,,SIG    5.96     0.285      74.9     0.164     T2  2.23      2.65      12.9      14.7      67.4      0.00      5.96      0.00      0.00      0.00      0.00      0.00      0.00
  41  93  0   0 A0583025 S.N.Kondratyev  1996     3 41-NB-93(HE3,X)39-Y-87-G,IND,S  6.03     0.206      1.94     8.423E-02 T2 0.776      2.57      63.9      37.1      69.1      0.00      6.03      0.00      0.00      0.00      0.00      0.00      0.00
  41  93  0   0 A0583003 S.N.Kondratyev  1996    11 41-NB-93(HE3,N)43-TC-95-G,,SIG  6.23     0.268      52.8     0.146     T2  1.80      2.28      14.9      14.7      69.1      0.00      6.23      0.00      0.00      0.00      0.00      0.00      0.00
  41  93  0   0 A0583003 S.N.Kondratyev  1996    11 41-NB-93(HE3,N)43-TC-95-G,,SIG  6.23     0.268      52.8     0.170     T2  1.80      2.28      14.9      14.7      69.1      0.00      6.23      0.00      0.00      0.00      0.00      0.00      0.00
  41  93  0  -1 A0583034 S.N.Kondratyev  1996     3 41-NB-93(HE3,X)38-SR-83,CUM,SI  6.52     0.155      9.43     1.435E-02 T2 0.951      7.19      33.4      83.5      93.0      0.00      6.52      0.00      0.00      0.00      0.00      0.00      0.00
  41  93  0  -1 A0583007 S.N.Kondratyev  1996    16 41-NB-93(HE3,2N)43-TC-94,,SIG   7.06     0.154      76.3     7.871E-02 T2  9.46      33.2      12.9      14.7      93.0      0.00      7.06      0.00      0.00      0.00      0.00      0.00      0.00
  41  93  0  -1 A0583007 S.N.Kondratyev  1996    16 41-NB-93(HE3,2N)43-TC-94,,SIG   7.06     0.154      76.3     8.147E-02 T2  9.46      33.2      12.9      14.7      93.0      0.00      7.06      0.00      0.00      0.00      0.00      0.00      0.00
  41  93  0   0 A0583019 S.N.Kondratyev  1996    23 41-NB-93(HE3,X)40-ZR-89-G,CUM,  7.48     0.175      51.3     0.108     T2  46.3      167.      11.0      31.8      93.0      0.00      7.48      0.00      0.00      0.00      0.00      0.00      0.00
  41  93  0   1 A0583024 S.N.Kondratyev  1996     8 41-NB-93(HE3,X)39-Y-87-M,IND,S  8.40     0.197      14.2     0.110     T2  4.37      20.1      51.1      42.8      93.0      0.00      8.40      0.00      0.00      0.00      0.00      0.00      0.00
  41  93  0   0 A0583016 S.N.Kondratyev  1996    13 41-NB-93(HE3,X)41-NB-89-G,CUM,  8.91     0.254      19.8     0.135     T2  89.5      94.1      18.6      26.8      93.0      0.00      8.91      0.00      0.00      0.00      0.00      0.00      0.00
  41  93  0  -1 A0583010 S.N.Kondratyev  1996    16 41-NB-93(HE3,3N)43-TC-93,,SIG   9.02     0.115      143.     3.335E-02 T2  7.79      83.0      8.30      14.7      93.0      0.00      9.02      0.00      0.00      0.00      0.00      0.00      0.00
  41  93  0  -1 A0583010 S.N.Kondratyev  1996    16 41-NB-93(HE3,3N)43-TC-93,,SIG   9.02     0.115      143.     3.401E-02 T2  7.79      83.0      8.30      14.7      93.0      0.00      9.02      0.00      0.00      0.00      0.00      0.00      0.00
  41  93  0   0 A0583009 S.N.Kondratyev  1996    15 41-NB-93(HE3,3N)43-TC-93-G,,SI  9.64     0.107      132.     2.802E-02 T2  7.18      81.8      12.2      20.5      93.0      0.00      9.64      0.00      0.00      0.00      0.00      0.00      0.00
  41  93  0   0 A0583009 S.N.Kondratyev  1996    15 41-NB-93(HE3,3N)43-TC-93-G,,SI  9.64     0.107      132.     2.900E-02 T2  7.18      81.8      12.2      20.5      93.0      0.00      9.64      0.00      0.00      0.00      0.00      0.00      0.00
  41  93  0   0 A0583029 S.N.Kondratyev  1996    11 41-NB-93(HE3,X)39-Y-86-G,IND,S  10.7     0.242      5.15     0.156     T2  4.49      5.40      40.5      42.8      93.0      0.00      10.7      0.00      0.00      0.00      0.00      0.00      0.00
  41  93  0  -1 A0583023 S.N.Kondratyev  1996    11 41-NB-93(HE3,X)39-Y-88,IND,SIG  11.2     0.135      20.5     0.111     T2  2.08      9.64      23.5      22.7      90.7      0.00      11.2      0.00      0.00      0.00      0.00      0.00      0.00
  41  93  0   0 A0583032 S.N.Kondratyev  1996     5 41-NB-93(HE3,X)39-Y-84-G,CUM,S  14.3     7.736E-02  17.4     5.031E-02 T2 0.624      4.82      25.1      73.9      93.0      0.00      14.3      0.00      0.00      0.00      0.00      0.00      0.00
  41  93  0   1 A0583028 S.N.Kondratyev  1996    11 41-NB-93(HE3,X)39-Y-86-M,,SIG   15.8     0.121      27.4     0.144     T2  4.47      11.2      17.7      42.8      93.0      0.00      15.8      0.00      0.00      0.00      0.00      0.00      0.00
  41  93  0  -1 A0583030 S.N.Kondratyev  1996    11 41-NB-93(HE3,X)39-Y-86,IND,SIG  18.3     0.123      112.     0.176     T2  8.95      16.7      8.22      42.8      93.0      0.00      18.3      0.00      0.00      0.00      0.00      0.00      0.00
  41  93  0   1 A0583015 S.N.Kondratyev  1996     7 41-NB-93(HE3,X)39-Y-90-M,,SIG   20.7     5.780E-02  4.46     2.384E-07 T2 1.521E-02 0.931      52.4      42.8      93.0      0.00      20.7      0.00      0.00      0.00      0.00      0.00      0.00
  41  93  0  -1 A0583026 S.N.Kondratyev  1996    22 41-NB-93(HE3,X)39-Y-87,CUM,SIG  26.2     5.192E-02  89.6     3.516E-02 T2  6.27      75.1      11.7      31.8      93.0      0.00      26.2      0.00      0.00      0.00      0.00      0.00      0.00
  41  93  0  -1 A0583033 S.N.Kondratyev  1996     5 41-NB-93(HE3,X)37-RB-84,,SIG    47.2     2.230E-02  89.2     3.793E-08 T2 1.314E-02 0.403      22.3      22.7      90.7      0.00      47.2      0.00      0.00      0.00      0.00      0.00      0.00
  41  93  0  -1 A0583035 S.N.Kondratyev  1996     4 41-NB-93(HE3,X)37-RB-83,CUM,SI  81.5     1.235E-02  156.     5.109E-08 T2 5.974E-02  3.21      13.2      53.3      90.7      0.00      81.5      0.00      0.00      0.00      0.00      0.00      0.00
  41  93  0   0 A0583031 S.N.Kondratyev  1996     7 41-NB-93(HE3,X)38-SR-85-G,CUM,  166.     6.674E-03  83.3     5.960E-08 T2 0.305      21.6      10.9      53.3      90.7      0.00      166.      0.00      0.00      0.00      0.00      0.00      0.00
 Average F:  15.1    
