# Z   A   T   M  SUBENT      AUTHOR     YEAR     N            Reaction               F          A      chi2    p-value Quality World     Exp     Dexp(%)    E-min     E-max   TALYS     tendl.2025endfb8.1  jeff4.0   jendl5.0  cendl3.2  eaf.2010  irdff2.0
  47 109  0  -1 E1370011 Y.Nagame, Y.Na  1988     9 47-AG-109(HE3,2N+P)48-CD-109,,  1.51      1.21      10.2     0.400     T1  428.      385.      22.4      17.4      37.6      0.00      1.51      0.00      0.00      0.00      0.00      0.00      0.00
  27  59  0  -1 E1370002 Y.Nagame, Y.Na  1988    31 27-CO-59(HE3,N)29-CU-61,,SIG    1.86     0.856      21.6     0.313     T1  3.30      3.19      22.4      7.54      60.2      0.00      1.86      0.00      0.00      0.00      0.00      0.00      0.00
  27  59  0  -1 E1370002 Y.Nagame, Y.Na  1988    31 27-CO-59(HE3,N)29-CU-61,,SIG    1.86     0.856      21.6     0.334     T2  3.30      3.19      22.4      7.54      60.2      0.00      1.86      0.00      0.00      0.00      0.00      0.00      0.00
  27  59  0  -1 E1370006 Y.Nagame, Y.Na  1988    11 27-CO-59(HE3,2N+A)27-CO-56,,SI  1.91      1.01      11.1     0.151     T1  15.6      30.8      22.4      17.8      39.0      0.00      1.91      0.00      0.00      0.00      0.00      0.00      0.00
  47 109  0  -1 E1370008 Y.Nagame, Y.Na  1988    11 47-AG-109(HE3,N)49-IN-111,,SIG  1.95      1.12      13.4     0.346     T1  3.65      2.42      22.4      10.9      37.1      0.00      1.95      0.00      0.00      0.00      0.00      0.00      0.00
  47 109  0  -1 E1370008 Y.Nagame, Y.Na  1988    11 47-AG-109(HE3,N)49-IN-111,,SIG  1.95      1.12      13.4     0.379     T2  3.65      2.42      22.4      10.9      37.1      0.00      1.95      0.00      0.00      0.00      0.00      0.00      0.00
  27  59  0  -1 E1370005 Y.Nagame, Y.Na  1988    17 27-CO-59(HE3,N+A)27-CO-57,,SIG  2.11      1.57      51.7     0.160     T1  78.1      37.8      22.4      10.4      38.7      0.00      2.11      0.00      0.00      0.00      0.00      0.00      0.00
  27  59  0  -1 E1370003 Y.Nagame, Y.Na  1988    15 27-CO-59(HE3,2N)29-CU-60,,SIG   2.12     0.684      27.4     0.343     T1  32.0      44.9      22.4      10.6      38.3      0.00      2.12      0.00      0.00      0.00      0.00      0.00      0.00
  27  59  0  -1 E1370003 Y.Nagame, Y.Na  1988    15 27-CO-59(HE3,2N)29-CU-60,,SIG   2.12     0.684      27.4     0.347     T2  32.0      44.9      22.4      10.6      38.3      0.00      2.12      0.00      0.00      0.00      0.00      0.00      0.00
  83 209  0  -1 E1370013 Y.Nagame, Y.Na  1988     8 83-BI-209(HE3,2N)85-AT-210,,SI  2.28     0.507      5.24     0.419     T1  5.80      12.2      22.4      21.3      34.6      0.00      2.28      0.00      0.00      0.00      0.00      0.00      0.00
  83 209  0  -1 E1370013 Y.Nagame, Y.Na  1988     8 83-BI-209(HE3,2N)85-AT-210,,SI  2.28     0.507      5.24     0.421     T2  5.80      12.2      22.4      21.3      34.6      0.00      2.28      0.00      0.00      0.00      0.00      0.00      0.00
  73 181  0  -1 E1370017 Y.Nagame, Y.Na  1988    23 73-TA-181(HE3,N)75-RE-183,,SIG  2.28     0.880      16.3     0.282     T1 0.646     0.591      22.4      17.7      63.7      0.00      2.28      0.00      0.00      0.00      0.00      0.00      0.00
  73 181  0  -1 E1370017 Y.Nagame, Y.Na  1988    23 73-TA-181(HE3,N)75-RE-183,,SIG  2.28     0.880      16.3     0.291     T2 0.646     0.591      22.4      17.7      63.7      0.00      2.28      0.00      0.00      0.00      0.00      0.00      0.00
  27  59  0  -1 E1370005 Y.Nagame, Y.Na  1988    26 27-CO-59(HE3,N+A)27-CO-57,,SIG  3.00      2.16      194.     0.212     T2  87.6      37.8      22.4      10.4      38.7      0.00      3.00      0.00      0.00      0.00      0.00      0.00      0.00
  27  59  0  -1 E1370007 Y.Nagame, Y.Na  1988    17 27-CO-59(HE3,2P)27-CO-60,,SIG   3.35     0.349      8.04     0.164     T2  24.6      68.8      22.4      10.4      38.2      0.00      3.35      0.00      0.00      0.00      0.00      0.00      0.00
  83 209  0  -1 E1370012 Y.Nagame, Y.Na  1988    23 83-BI-209(HE3,N)85-AT-211,,SIG  3.71     0.343      8.03     0.176     T2 0.276     0.651      22.4      19.1      64.4      0.00      3.71      0.00      0.00      0.00      0.00      0.00      0.00
  83 209  0  -1 E1370012 Y.Nagame, Y.Na  1988    23 83-BI-209(HE3,N)85-AT-211,,SIG  3.71     0.343      8.03     0.317     T2 0.276     0.651      22.4      19.1      64.4      0.00      3.71      0.00      0.00      0.00      0.00      0.00      0.00
  27  59  0  -1 E1370006 Y.Nagame, Y.Na  1988    20 27-CO-59(HE3,2N+A)27-CO-56,,SI  4.01     0.420      12.7     0.163     T2  11.7      30.8      22.4      17.8      39.0      0.00      4.01      0.00      0.00      0.00      0.00      0.00      0.00
  27  59  0  -1 E1370007 Y.Nagame, Y.Na  1988    24 27-CO-59(HE3,2P)27-CO-60,,SIG   5.50     0.227      10.6     0.164     T2  19.1      68.8      22.4      10.4      38.2      0.00      5.50      0.00      0.00      0.00      0.00      0.00      0.00
  47 109  0   0 E1370009 Y.Nagame, Y.Na  1988    11 47-AG-109(HE3,2N)49-IN-110-G,,  6.25     0.275      7.95     0.331     T2  7.45      25.2      22.4      10.8      37.4      0.00      6.25      0.00      0.00      0.00      0.00      0.00      0.00
  47 109  0   0 E1370009 Y.Nagame, Y.Na  1988    11 47-AG-109(HE3,2N)49-IN-110-G,,  6.25     0.275      7.95     0.332     T2  7.45      25.2      22.4      10.8      37.4      0.00      6.25      0.00      0.00      0.00      0.00      0.00      0.00
  83 209  0  -1 E1370014 Y.Nagame, Y.Na  1988    10 83-BI-209(HE3,3N)85-AT-209,,SI  12.0     0.100      14.8     8.684E-02 T2  18.2      178.      22.4      21.3      37.6      0.00      12.0      0.00      0.00      0.00      0.00      0.00      0.00
  83 209  0  -1 E1370014 Y.Nagame, Y.Na  1988    10 83-BI-209(HE3,3N)85-AT-209,,SI  12.0     0.100      14.8     8.895E-02 T2  18.2      178.      22.4      21.3      37.6      0.00      12.0      0.00      0.00      0.00      0.00      0.00      0.00
  47 109  0  -1 E1370011 Y.Nagame, Y.Na  1988     5 47-AG-109(HE3,2N+P)48-CD-109,,  12.9     7.853E-02  16.8     1.457E-07 T2  31.5      385.      22.4      17.4      37.6      0.00      12.9      0.00      0.00      0.00      0.00      0.00      0.00
  47 109  0  -1 E1370010 Y.Nagame, Y.Na  1988    10 47-AG-109(HE3,3N)49-IN-109,,SI  24.5     5.176E-02  17.0     1.661E-02 T2  19.4      262.      22.4      11.0      37.3      0.00      24.5      0.00      0.00      0.00      0.00      0.00      0.00
  47 109  0  -1 E1370010 Y.Nagame, Y.Na  1988    10 47-AG-109(HE3,3N)49-IN-109,,SI  24.5     5.176E-02  17.0     1.699E-02 T2  19.4      262.      22.4      11.0      37.3      0.00      24.5      0.00      0.00      0.00      0.00      0.00      0.00
  83 209  0  -1 E1370016 Y.Nagame, Y.Na  1988     6 83-BI-209(HE3,2N+A)83-BI-206,,  25.4     3.960E-02  18.4     1.490E-07 T2 0.283      6.96      22.4      27.7      36.2      0.00      25.4      0.00      0.00      0.00      0.00      0.00      0.00
  83 209  0  -1 E1370016 Y.Nagame, Y.Na  1988     2 83-BI-209(HE3,2N+A)83-BI-206,,  28.8     3.503E-02  18.5     2.980E-08 T2 0.156      6.96      22.4      27.7      36.2      0.00      28.8      0.00      0.00      0.00      0.00      0.00      0.00
  83 209  0  -1 E1370015 Y.Nagame, Y.Na  1988     8 83-BI-209(HE3,4N)85-AT-208,,SI  106.     1.058E-02  19.3     1.565E-07 T2  9.58      460.      22.4      25.4      37.8      0.00      106.      0.00      0.00      0.00      0.00      0.00      0.00
 Average F:  10.6    
